9.886 -1.0088635e-05 -1.5387535e-07 -1.5580775e-06 1.4042021e-06 -1.4042021e-06 -1.5580775e-06
9.8911191 -1.0077092e-05 -1.535618e-07 -1.5558365e-06 1.4022747e-06 -1.4022747e-06 -1.5558365e-06
9.8962382 -1.0065567e-05 -1.5324882e-07 -1.5535994e-06 1.4003506e-06 -1.4003506e-06 -1.5535994e-06
9.9013574 -1.0054061e-05 -1.5293641e-07 -1.551366e-06 1.3984296e-06 -1.3984296e-06 -1.551366e-06
9.9064765 -1.0042574e-05 -1.5262456e-07 -1.5491365e-06 1.3965119e-06 -1.3965119e-06 -1.5491365e-06
9.9115956 -1.0031105e-05 -1.5231327e-07 -1.5469107e-06 1.3945974e-06 -1.3945974e-06 -1.5469107e-06
9.9167147 -1.0019654e-05 -1.5200254e-07 -1.5446887e-06 1.3926861e-06 -1.3926861e-06 -1.5446887e-06
9.9218338 -1.0008221e-05 -1.5169237e-07 -1.5424704e-06 1.390778e-06 -1.390778e-06 -1.5424704e-06
9.926953 -9.9968068e-06 -1.5138277e-07 -1.5402559e-06 1.3888731e-06 -1.3888731e-06 -1.5402559e-06
9.9320721 -9.9854106e-06 -1.5107371e-07 -1.5380451e-06 1.3869714e-06 -1.3869714e-06 -1.5380451e-06
9.9371912 -9.9739901e-06 -1.5076619e-07 -1.5358173e-06 1.3850511e-06 -1.3850511e-06 -1.5358173e-06
9.9423103 -9.9624473e-06 -1.5046239e-07 -1.5335246e-06 1.3830622e-06 -1.3830622e-06 -1.5335246e-06
9.9474294 -9.9509231e-06 -1.5015914e-07 -1.5312359e-06 1.3810767e-06 -1.3810767e-06 -1.5312359e-06
9.9525485 -9.9394173e-06 -1.4985643e-07 -1.528951e-06 1.3790946e-06 -1.3790946e-06 -1.528951e-06
9.9576677 -9.9279299e-06 -1.4955427e-07 -1.52667e-06 1.3771157e-06 -1.3771157e-06 -1.52667e-06
9.9627868 -9.9164608e-06 -1.4925265e-07 -1.5243929e-06 1.3751403e-06 -1.3751403e-06 -1.5243929e-06
9.9679059 -9.90501e-06 -1.4895157e-07 -1.5221197e-06 1.3731681e-06 -1.3731681e-06 -1.5221197e-06
9.973025 -9.8935776e-06 -1.4865103e-07 -1.5198503e-06 1.3711993e-06 -1.3711993e-06 -1.5198503e-06
9.9781441 -9.8821633e-06 -1.4835103e-07 -1.5175848e-06 1.3692338e-06 -1.3692338e-06 -1.5175848e-06
9.9832633 -9.8707673e-06 -1.4805156e-07 -1.5153232e-06 1.3672716e-06 -1.3672716e-06 -1.5153232e-06
9.9883824 -9.8593894e-06 -1.4775263e-07 -1.5130653e-06 1.3653127e-06 -1.3653127e-06 -1.5130653e-06
9.9935015 -9.8480297e-06 -1.4745423e-07 -1.5108113e-06 1.3633571e-06 -1.3633571e-06 -1.5108113e-06
9.9986206 -9.8366881e-06 -1.4715637e-07 -1.5085612e-06 1.3614048e-06 -1.3614048e-06 -1.5085612e-06
10.00374 -9.8253645e-06 -1.4685904e-07 -1.5063148e-06 1.3594558e-06 -1.3594558e-06 -1.5063148e-06
10.008859 -9.8140589e-06 -1.4656224e-07 -1.5040723e-06 1.35751e-06 -1.35751e-06 -1.5040723e-06
10.013978 -9.8027713e-06 -1.4626597e-07 -1.5018335e-06 1.3555675e-06 -1.3555675e-06 -1.5018335e-06
10.019097 -9.7915016e-06 -1.4597023e-07 -1.4995985e-06 1.3536283e-06 -1.3536283e-06 -1.4995985e-06
10.024216 -9.7802499e-06 -1.4567502e-07 -1.4973673e-06 1.3516923e-06 -1.3516923e-06 -1.4973673e-06
10.029335 -9.769016e-06 -1.4538034e-07 -1.4951399e-06 1.3497596e-06 -1.3497596e-06 -1.4951399e-06
10.034454 -9.7577999e-06 -1.4508618e-07 -1.4929163e-06 1.3478301e-06 -1.3478301e-06 -1.4929163e-06
10.039574 -9.7467349e-06 -1.4479347e-07 -1.4907635e-06 1.34597e-06 -1.34597e-06 -1.4907635e-06
10.044693 -9.735745e-06 -1.4450169e-07 -1.4886433e-06 1.3441416e-06 -1.3441416e-06 -1.4886433e-06
10.049812 -9.7247724e-06 -1.4421043e-07 -1.4865267e-06 1.3423163e-06 -1.3423163e-06 -1.4865267e-06
10.054931 -9.7138171e-06 -1.4391969e-07 -1.4844136e-06 1.3404939e-06 -1.3404939e-06 -1.4844136e-06
10.06005 -9.7028791e-06 -1.4362947e-07 -1.4823041e-06 1.3386746e-06 -1.3386746e-06 -1.4823041e-06
10.065169 -9.6919582e-06 -1.4333976e-07 -1.480198e-06 1.3368583e-06 -1.3368583e-06 -1.480198e-06
10.070288 -9.6810546e-06 -1.4305057e-07 -1.4780955e-06 1.3350449e-06 -1.3350449e-06 -1.4780955e-06
10.075407 -9.6701681e-06 -1.4276188e-07 -1.4759965e-06 1.3332346e-06 -1.3332346e-06 -1.4759965e-06
10.080527 -9.6592988e-06 -1.4247372e-07 -1.473901e-06 1.3314273e-06 -1.3314273e-06 -1.473901e-06
10.085646 -9.6484465e-06 -1.4218606e-07 -1.4718089e-06 1.3296229e-06 -1.3296229e-06 -1.4718089e-06
10.090765 -9.6383062e-06 -1.4190378e-07 -1.4700703e-06 1.3281665e-06 -1.3281665e-06 -1.4700703e-06
10.095884 -9.6282331e-06 -1.4162236e-07 -1.4683604e-06 1.3267381e-06 -1.3267381e-06 -1.4683604e-06
10.101003 -9.6181754e-06 -1.4134144e-07 -1.4666533e-06 1.3253118e-06 -1.3253118e-06 -1.4666533e-06
10.106122 -9.6081332e-06 -1.4106101e-07 -1.4649488e-06 1.3238878e-06 -1.3238878e-06 -1.4649488e-06
10.111241 -9.5981064e-06 -1.4078108e-07 -1.463247e-06 1.3224659e-06 -1.3224659e-06 -1.463247e-06
10.11636 -9.588095e-06 -1.4050165e-07 -1.4615479e-06 1.3210463e-06 -1.3210463e-06 -1.4615479e-06
10.121479 -9.5780989e-06 -1.4022271e-07 -1.4598516e-06 1.3196289e-06 -1.3196289e-06 -1.4598516e-06
10.126599 -9.5681181e-06 -1.3994426e-07 -1.4581579e-06 1.3182136e-06 -1.3182136e-06 -1.4581579e-06
10.131718 -9.5581526e-06 -1.396663e-07 -1.4564668e-06 1.3168005e-06 -1.3168005e-06 -1.4564668e-06
10.136837 -9.5482023e-06 -1.3938883e-07 -1.4547785e-06 1.3153897e-06 -1.3153897e-06 -1.4547785e-06
10.141956 -9.5382673e-06 -1.3911184e-07 -1.4530928e-06 1.313981e-06 -1.313981e-06 -1.4530928e-06
10.147075 -9.5283475e-06 -1.3883535e-07 -1.4514098e-06 1.3125745e-06 -1.3125745e-06 -1.4514098e-06
10.152194 -9.5184429e-06 -1.3855934e-07 -1.4497295e-06 1.3111701e-06 -1.3111701e-06 -1.4497295e-06
10.157313 -9.5085533e-06 -1.3828382e-07 -1.4480518e-06 1.309768e-06 -1.309768e-06 -1.4480518e-06
10.162432 -9.4986789e-06 -1.3800879e-07 -1.4463767e-06 1.308368e-06 -1.308368e-06 -1.4463767e-06
10.167552 -9.4888195e-06 -1.3773423e-07 -1.4447043e-06 1.3069701e-06 -1.3069701e-06 -1.4447043e-06
10.172671 -9.4789752e-06 -1.3746016e-07 -1.4430346e-06 1.3055744e-06 -1.3055744e-06 -1.4430346e-06
10.17779 -9.4691458e-06 -1.3718657e-07 -1.4413674e-06 1.3041808e-06 -1.3041808e-06 -1.4413674e-06
10.182909 -9.4593315e-06 -1.3691347e-07 -1.4397029e-06 1.3027894e-06 -1.3027894e-06 -1.4397029e-06
10.188028 -9.449532e-06 -1.3664084e-07 -1.4380409e-06 1.3014001e-06 -1.3014001e-06 -1.4380409e-06
10.193147 -9.4397474e-06 -1.3636869e-07 -1.4363816e-06 1.3000129e-06 -1.3000129e-06 -1.4363816e-06
10.198266 -9.4299777e-06 -1.3609702e-07 -1.4347249e-06 1.2986279e-06 -1.2986279e-06 -1.4347249e-06
10.203385 -9.4202228e-06 -1.3582582e-07 -1.4330708e-06 1.2972449e-06 -1.2972449e-06 -1.4330708e-06
10.208505 -9.4104828e-06 -1.355551e-07 -1.4314192e-06 1.2958641e-06 -1.2958641e-06 -1.4314192e-06
10.213624 -9.4007575e-06 -1.3528486e-07 -1.4297703e-06 1.2944854e-06 -1.2944854e-06 -1.4297703e-06
10.218743 -9.391047e-06 -1.3501508e-07 -1.4281239e-06 1.2931089e-06 -1.2931089e-06 -1.4281239e-06
10.223862 -9.3813512e-06 -1.3474578e-07 -1.4264802e-06 1.2917344e-06 -1.2917344e-06 -1.4264802e-06
10.228981 -9.3716702e-06 -1.3447696e-07 -1.424839e-06 1.290362e-06 -1.290362e-06 -1.424839e-06
10.2341 -9.3620038e-06 -1.342086e-07 -1.4232003e-06 1.2889917e-06 -1.2889917e-06 -1.4232003e-06
10.239219 -9.3523451e-06 -1.3394427e-07 -1.4215626e-06 1.2876184e-06 -1.2876184e-06 -1.4215626e-06
10.244338 -9.3426971e-06 -1.3368251e-07 -1.4199265e-06 1.286244e-06 -1.286244e-06 -1.4199265e-06
10.249457 -9.3330637e-06 -1.3342121e-07 -1.4182929e-06 1.2848717e-06 -1.2848717e-06 -1.4182929e-06
10.254577 -9.3234448e-06 -1.3316036e-07 -1.4166619e-06 1.2835016e-06 -1.2835016e-06 -1.4166619e-06
10.259696 -9.3138405e-06 -1.3289996e-07 -1.4150335e-06 1.2821335e-06 -1.2821335e-06 -1.4150335e-06
10.264815 -9.3042507e-06 -1.3264002e-07 -1.4134075e-06 1.2807675e-06 -1.2807675e-06 -1.4134075e-06
10.269934 -9.2946754e-06 -1.3238052e-07 -1.4117842e-06 1.2794036e-06 -1.2794036e-06 -1.4117842e-06
10.275053 -9.2851146e-06 -1.3212148e-07 -1.4101633e-06 1.2780418e-06 -1.2780418e-06 -1.4101633e-06
10.280172 -9.2755682e-06 -1.3186289e-07 -1.408545e-06 1.2766821e-06 -1.2766821e-06 -1.408545e-06
10.285291 -9.2660362e-06 -1.3160475e-07 -1.4069292e-06 1.2753244e-06 -1.2753244e-06 -1.4069292e-06
10.29041 -9.2565179e-06 -1.3134736e-07 -1.4053158e-06 1.2739684e-06 -1.2739684e-06 -1.4053158e-06
10.29553 -9.2470139e-06 -1.3109046e-07 -1.4037048e-06 1.2726144e-06 -1.2726144e-06 -1.4037048e-06
10.300649 -9.2375242e-06 -1.3083401e-07 -1.4020964e-06 1.2712624e-06 -1.2712624e-06 -1.4020964e-06
10.305768 -9.2280488e-06 -1.30578e-07 -1.4004905e-06 1.2699125e-06 -1.2699125e-06 -1.4004905e-06
10.310887 -9.2185877e-06 -1.3032244e-07 -1.398887e-06 1.2685646e-06 -1.2685646e-06 -1.398887e-06
10.316006 -9.2091408e-06 -1.3006732e-07 -1.3972861e-06 1.2672188e-06 -1.2672188e-06 -1.3972861e-06
10.321125 -9.1997081e-06 -1.2981264e-07 -1.3956876e-06 1.265875e-06 -1.265875e-06 -1.3956876e-06
10.326244 -9.1902896e-06 -1.295584e-07 -1.3940916e-06 1.2645332e-06 -1.2645332e-06 -1.3940916e-06
10.331363 -9.1808852e-06 -1.293046e-07 -1.3924981e-06 1.2631935e-06 -1.2631935e-06 -1.3924981e-06
10.336482 -9.1714949e-06 -1.2905124e-07 -1.3909071e-06 1.2618559e-06 -1.2618559e-06 -1.3909071e-06
10.341602 -9.1621187e-06 -1.2879832e-07 -1.3893185e-06 1.2605202e-06 -1.2605202e-06 -1.3893185e-06
10.346721 -9.1527566e-06 -1.2854583e-07 -1.3877325e-06 1.2591866e-06 -1.2591866e-06 -1.3877325e-06
10.35184 -9.1434085e-06 -1.2829378e-07 -1.3861488e-06 1.257855e-06 -1.257855e-06 -1.3861488e-06
10.356959 -9.1340744e-06 -1.2804217e-07 -1.3845676e-06 1.2565255e-06 -1.2565255e-06 -1.3845676e-06
10.362078 -9.1247543e-06 -1.2779099e-07 -1.3829889e-06 1.2551979e-06 -1.2551979e-06 -1.3829889e-06
10.367197 -9.1154482e-06 -1.2754025e-07 -1.3814126e-06 1.2538723e-06 -1.2538723e-06 -1.3814126e-06
10.372316 -9.106156e-06 -1.2728993e-07 -1.3798387e-06 1.2525488e-06 -1.2525488e-06 -1.3798387e-06
10.377435 -9.0968776e-06 -1.2704005e-07 -1.3782673e-06 1.2512272e-06 -1.2512272e-06 -1.3782673e-06
10.382555 -9.0876132e-06 -1.267906e-07 -1.3766983e-06 1.2499077e-06 -1.2499077e-06 -1.3766983e-06
10.387674 -9.0783727e-06 -1.2654274e-07 -1.3751374e-06 1.2485946e-06 -1.2485946e-06 -1.3751374e-06
10.392793 -9.0691669e-06 -1.262977e-07 -1.3735905e-06 1.2472928e-06 -1.2472928e-06 -1.3735905e-06
10.397912 -9.0599749e-06 -1.2605308e-07 -1.372046e-06 1.245993e-06 -1.245993e-06 -1.372046e-06
10.403031 -9.0507966e-06 -1.2580888e-07 -1.3705039e-06 1.244695e-06 -1.244695e-06 -1.3705039e-06
10.40815 -9.0416319e-06 -1.255651e-07 -1.3689642e-06 1.2433991e-06 -1.2433991e-06 -1.3689642e-06
10.413269 -9.0324809e-06 -1.2532173e-07 -1.3674268e-06 1.2421051e-06 -1.2421051e-06 -1.3674268e-06
10.418388 -9.0233434e-06 -1.2507879e-07 -1.3658918e-06 1.240813e-06 -1.240813e-06 -1.3658918e-06
10.423508 -9.0142196e-06 -1.2483626e-07 -1.3643591e-06 1.2395229e-06 -1.2395229e-06 -1.3643591e-06
10.428627 -9.0051093e-06 -1.2459414e-07 -1.3628288e-06 1.2382347e-06 -1.2382347e-06 -1.3628288e-06
10.433746 -8.9960126e-06 -1.2435244e-07 -1.3613009e-06 1.2369484e-06 -1.2369484e-06 -1.3613009e-06
10.438865 -8.9869396e-06 -1.2411232e-07 -1.3597809e-06 1.2356686e-06 -1.2356686e-06 -1.3597809e-06
10.443984 -8.9778879e-06 -1.2387351e-07 -1.3582677e-06 1.2343942e-06 -1.2343942e-06 -1.3582677e-06
10.449103 -8.9688497e-06 -1.2363511e-07 -1.3567568e-06 1.2331217e-06 -1.2331217e-06 -1.3567568e-06
10.454222 -8.9598249e-06 -1.2339712e-07 -1.3552483e-06 1.2318511e-06 -1.2318511e-06 -1.3552483e-06
10.459341 -8.9508135e-06 -1.2315953e-07 -1.353742e-06 1.2305825e-06 -1.2305825e-06 -1.353742e-06
10.46446 -8.9418154e-06 -1.2292235e-07 -1.352238e-06 1.2293157e-06 -1.2293157e-06 -1.352238e-06
10.46958 -8.9328306e-06 -1.2268558e-07 -1.3507363e-06 1.2280508e-06 -1.2280508e-06 -1.3507363e-06
10.474699 -8.9238591e-06 -1.2244921e-07 -1.3492369e-06 1.2267877e-06 -1.2267877e-06 -1.3492369e-06
10.479818 -8.9149008e-06 -1.2221324e-07 -1.3477398e-06 1.2255266e-06 -1.2255266e-06 -1.3477398e-06
10.484937 -8.9059558e-06 -1.2197768e-07 -1.346245e-06 1.2242673e-06 -1.2242673e-06 -1.346245e-06
10.490056 -8.897024e-06 -1.2174251e-07 -1.3447525e-06 1.2230099e-06 -1.2230099e-06 -1.3447525e-06
10.495175 -8.8881054e-06 -1.2150775e-07 -1.3432622e-06 1.2217544e-06 -1.2217544e-06 -1.3432622e-06
10.500294 -8.8792e-06 -1.2127339e-07 -1.3417742e-06 1.2205008e-06 -1.2205008e-06 -1.3417742e-06
10.505413 -8.8703077e-06 -1.2103943e-07 -1.3402884e-06 1.219249e-06 -1.219249e-06 -1.3402884e-06
10.510533 -8.8614285e-06 -1.2080586e-07 -1.3388049e-06 1.217999e-06 -1.217999e-06 -1.3388049e-06
10.515652 -8.8525623e-06 -1.2057269e-07 -1.3373237e-06 1.216751e-06 -1.216751e-06 -1.3373237e-06
10.520771 -8.8437093e-06 -1.2033992e-07 -1.3358447e-06 1.2155047e-06 -1.2155047e-06 -1.3358447e-06
10.52589 -8.8348692e-06 -1.2010754e-07 -1.3343679e-06 1.2142604e-06 -1.2142604e-06 -1.3343679e-06
10.531009 -8.8260422e-06 -1.1987556e-07 -1.3328934e-06 1.2130178e-06 -1.2130178e-06 -1.3328934e-06
10.536128 -8.8172284e-06 -1.1964401e-07 -1.3314213e-06 1.2117772e-06 -1.2117772e-06 -1.3314213e-06
10.541247 -8.8084366e-06 -1.1941418e-07 -1.3299566e-06 1.2105424e-06 -1.2105424e-06 -1.3299566e-06
10.546366 -8.7996577e-06 -1.1918474e-07 -1.3284941e-06 1.2093093e-06 -1.2093093e-06 -1.3284941e-06
10.551485 -8.7908917e-06 -1.1895569e-07 -1.3270338e-06 1.2080781e-06 -1.2080781e-06 -1.3270338e-06
10.556605 -8.7821386e-06 -1.1872703e-07 -1.3255757e-06 1.2068487e-06 -1.2068487e-06 -1.3255757e-06
10.561724 -8.7733983e-06 -1.1849875e-07 -1.3241198e-06 1.2056211e-06 -1.2056211e-06 -1.3241198e-06
10.566843 -8.7646708e-06 -1.1827087e-07 -1.3226662e-06 1.2043953e-06 -1.2043953e-06 -1.3226662e-06
10.571962 -8.7559561e-06 -1.1804336e-07 -1.3212147e-06 1.2031713e-06 -1.2031713e-06 -1.3212147e-06
10.577081 -8.7472542e-06 -1.1781625e-07 -1.3197654e-06 1.2019492e-06 -1.2019492e-06 -1.3197654e-06
10.5822 -8.738565e-06 -1.1758951e-07 -1.3183183e-06 1.2007288e-06 -1.2007288e-06 -1.3183183e-06
10.587319 -8.7298951e-06 -1.1736414e-07 -1.3168772e-06 1.1995131e-06 -1.1995131e-06 -1.3168772e-06
10.592438 -8.7212571e-06 -1.1714194e-07 -1.3154492e-06 1.1983073e-06 -1.1983073e-06 -1.3154492e-06
10.597558 -8.7126316e-06 -1.1692012e-07 -1.3140233e-06 1.1971032e-06 -1.1971032e-06 -1.3140233e-06
10.602677 -8.7040187e-06 -1.1669867e-07 -1.3125996e-06 1.1959009e-06 -1.1959009e-06 -1.3125996e-06
10.607796 -8.6954184e-06 -1.1647759e-07 -1.311178e-06 1.1947004e-06 -1.1947004e-06 -1.311178e-06
10.612915 -8.6868306e-06 -1.1625689e-07 -1.3097586e-06 1.1935017e-06 -1.1935017e-06 -1.3097586e-06
10.618034 -8.6782553e-06 -1.1603656e-07 -1.3083412e-06 1.1923047e-06 -1.1923047e-06 -1.3083412e-06
10.623153 -8.6696925e-06 -1.158166e-07 -1.306926e-06 1.1911094e-06 -1.1911094e-06 -1.306926e-06
10.628272 -8.6611422e-06 -1.1559701e-07 -1.305513e-06 1.189916e-06 -1.189916e-06 -1.305513e-06
10.633391 -8.6526043e-06 -1.1537778e-07 -1.304102e-06 1.1887242e-06 -1.1887242e-06 -1.304102e-06
10.638511 -8.6440789e-06 -1.1515893e-07 -1.3026931e-06 1.1875342e-06 -1.1875342e-06 -1.3026931e-06
10.64363 -8.6355658e-06 -1.1494044e-07 -1.3012864e-06 1.1863459e-06 -1.1863459e-06 -1.3012864e-06
10.648749 -8.6270651e-06 -1.1472232e-07 -1.2998817e-06 1.1851594e-06 -1.1851594e-06 -1.2998817e-06
10.653868 -8.6185768e-06 -1.1450457e-07 -1.2984792e-06 1.1839746e-06 -1.1839746e-06 -1.2984792e-06
10.658987 -8.6101007e-06 -1.1428718e-07 -1.2970787e-06 1.1827915e-06 -1.1827915e-06 -1.2970787e-06
10.664106 -8.601637e-06 -1.1407016e-07 -1.2956803e-06 1.1816102e-06 -1.1816102e-06 -1.2956803e-06
10.669225 -8.5931856e-06 -1.138535e-07 -1.2942841e-06 1.1804306e-06 -1.1804306e-06 -1.2942841e-06
10.674344 -8.5847464e-06 -1.136372e-07 -1.2928899e-06 1.1792527e-06 -1.1792527e-06 -1.2928899e-06
10.679463 -8.5763194e-06 -1.1342127e-07 -1.2914977e-06 1.1780765e-06 -1.1780765e-06 -1.2914977e-06
10.684583 -8.5679046e-06 -1.1320569e-07 -1.2901077e-06 1.176902e-06 -1.176902e-06 -1.2901077e-06
10.689702 -8.5595021e-06 -1.1299048e-07 -1.2887197e-06 1.1757292e-06 -1.1757292e-06 -1.2887197e-06
10.694821 -8.5511117e-06 -1.1277563e-07 -1.2873338e-06 1.1745582e-06 -1.1745582e-06 -1.2873338e-06
10.69994 -8.5427335e-06 -1.1256114e-07 -1.28595e-06 1.1733889e-06 -1.1733889e-06 -1.28595e-06
10.705059 -8.5343674e-06 -1.12347e-07 -1.2845683e-06 1.1722213e-06 -1.1722213e-06 -1.2845683e-06
10.710178 -8.5260134e-06 -1.1213323e-07 -1.2831885e-06 1.1710553e-06 -1.1710553e-06 -1.2831885e-06
10.715297 -8.5176714e-06 -1.1191981e-07 -1.2818109e-06 1.1698911e-06 -1.1698911e-06 -1.2818109e-06
10.720416 -8.5093415e-06 -1.1170675e-07 -1.2804353e-06 1.1687285e-06 -1.1687285e-06 -1.2804353e-06
10.725536 -8.5010236e-06 -1.1149404e-07 -1.2790617e-06 1.1675677e-06 -1.1675677e-06 -1.2790617e-06
10.730655 -8.4927176e-06 -1.1128169e-07 -1.2776902e-06 1.1664085e-06 -1.1664085e-06 -1.2776902e-06
10.735774 -8.4844237e-06 -1.1106969e-07 -1.2763206e-06 1.165251e-06 -1.165251e-06 -1.2763206e-06
10.740893 -8.4761613e-06 -1.1086191e-07 -1.2749649e-06 1.164103e-06 -1.164103e-06 -1.2749649e-06
10.746012 -8.4679116e-06 -1.1065467e-07 -1.2736117e-06 1.162957e-06 -1.162957e-06 -1.2736117e-06
10.751131 -8.4596739e-06 -1.1044776e-07 -1.2722605e-06 1.1618127e-06 -1.1618127e-06 -1.2722605e-06
10.75625 -8.4514479e-06 -1.102412e-07 -1.2709112e-06 1.16067e-06 -1.16067e-06 -1.2709112e-06
10.761369 -8.4432338e-06 -1.1003498e-07 -1.269564e-06 1.159529e-06 -1.159529e-06 -1.269564e-06
10.766488 -8.4350315e-06 -1.0982911e-07 -1.2682188e-06 1.1583896e-06 -1.1583896e-06 -1.2682188e-06
10.771608 -8.4268409e-06 -1.0962357e-07 -1.2668755e-06 1.1572519e-06 -1.1572519e-06 -1.2668755e-06
10.776727 -8.4186622e-06 -1.0941838e-07 -1.2655342e-06 1.1561158e-06 -1.1561158e-06 -1.2655342e-06
10.781846 -8.4104951e-06 -1.0921353e-07 -1.2641949e-06 1.1549814e-06 -1.1549814e-06 -1.2641949e-06
10.786965 -8.4023404e-06 -1.0900915e-07 -1.262858e-06 1.1538488e-06 -1.1538488e-06 -1.262858e-06
10.792084 -8.3942005e-06 -1.0880572e-07 -1.2615248e-06 1.1527191e-06 -1.1527191e-06 -1.2615248e-06
10.797203 -8.3860722e-06 -1.0860262e-07 -1.2601936e-06 1.151591e-06 -1.151591e-06 -1.2601936e-06
10.802322 -8.3779555e-06 -1.0839986e-07 -1.2588644e-06 1.1504645e-06 -1.1504645e-06 -1.2588644e-06
10.807441 -8.3698504e-06 -1.0819743e-07 -1.2575371e-06 1.1493397e-06 -1.1493397e-06 -1.2575371e-06
10.812561 -8.3617569e-06 -1.0799534e-07 -1.2562118e-06 1.1482165e-06 -1.1482165e-06 -1.2562118e-06
10.81768 -8.353675e-06 -1.0779359e-07 -1.2548884e-06 1.1470948e-06 -1.1470948e-06 -1.2548884e-06
10.822799 -8.3456046e-06 -1.0759216e-07 -1.253567e-06 1.1459748e-06 -1.1459748e-06 -1.253567e-06
10.827918 -8.3375458e-06 -1.0739107e-07 -1.2522475e-06 1.1448564e-06 -1.1448564e-06 -1.2522475e-06
10.833037 -8.3294985e-06 -1.0719031e-07 -1.2509299e-06 1.1437396e-06 -1.1437396e-06 -1.2509299e-06
10.838156 -8.3214626e-06 -1.0698989e-07 -1.2496142e-06 1.1426244e-06 -1.1426244e-06 -1.2496142e-06
10.843275 -8.3134383e-06 -1.0678979e-07 -1.2483006e-06 1.1415108e-06 -1.1415108e-06 -1.2483006e-06
10.848394 -8.3054254e-06 -1.0659002e-07 -1.2469888e-06 1.1403988e-06 -1.1403988e-06 -1.2469888e-06
10.853514 -8.2974239e-06 -1.0639059e-07 -1.2456789e-06 1.1392883e-06 -1.1392883e-06 -1.2456789e-06
10.858633 -8.2894338e-06 -1.0619148e-07 -1.244371e-06 1.1381795e-06 -1.1381795e-06 -1.244371e-06
10.863752 -8.281455e-06 -1.059927e-07 -1.243065e-06 1.1370723e-06 -1.1370723e-06 -1.243065e-06
10.868871 -8.2734877e-06 -1.0579425e-07 -1.2417609e-06 1.1359666e-06 -1.1359666e-06 -1.2417609e-06
10.87399 -8.2655316e-06 -1.0559612e-07 -1.2404587e-06 1.1348625e-06 -1.1348625e-06 -1.2404587e-06
10.879109 -8.2575869e-06 -1.0539832e-07 -1.2391583e-06 1.13376e-06 -1.13376e-06 -1.2391583e-06
10.884228 -8.2496534e-06 -1.0520084e-07 -1.2378599e-06 1.1326591e-06 -1.1326591e-06 -1.2378599e-06
10.889347 -8.2417359e-06 -1.0500477e-07 -1.2365663e-06 1.1315615e-06 -1.1315615e-06 -1.2365663e-06
10.894466 -8.2338321e-06 -1.0480958e-07 -1.235276e-06 1.1304665e-06 -1.1304665e-06 -1.235276e-06
10.899586 -8.2259395e-06 -1.0461472e-07 -1.2339877e-06 1.129373e-06 -1.129373e-06 -1.2339877e-06
10.904705 -8.2180581e-06 -1.0442018e-07 -1.2327012e-06 1.128281e-06 -1.128281e-06 -1.2327012e-06
10.909824 -8.2101878e-06 -1.0422595e-07 -1.2314166e-06 1.1271906e-06 -1.1271906e-06 -1.2314166e-06
10.914943 -8.2023287e-06 -1.0403204e-07 -1.2301338e-06 1.1261018e-06 -1.1261018e-06 -1.2301338e-06
10.920062 -8.1944807e-06 -1.0383845e-07 -1.2288529e-06 1.1250145e-06 -1.1250145e-06 -1.2288529e-06
10.925181 -8.1866439e-06 -1.0364518e-07 -1.2275739e-06 1.1239287e-06 -1.1239287e-06 -1.2275739e-06
10.9303 -8.1788181e-06 -1.0345223e-07 -1.2262967e-06 1.1228445e-06 -1.1228445e-06 -1.2262967e-06
10.935419 -8.1710033e-06 -1.0325959e-07 -1.2250214e-06 1.1217618e-06 -1.1217618e-06 -1.2250214e-06
10.940539 -8.1632105e-06 -1.0306974e-07 -1.2237546e-06 1.1206849e-06 -1.1206849e-06 -1.2237546e-06
10.945658 -8.1554301e-06 -1.0288053e-07 -1.2224905e-06 1.11961e-06 -1.11961e-06 -1.2224905e-06
10.950777 -8.1476606e-06 -1.0269162e-07 -1.2212282e-06 1.1185366e-06 -1.1185366e-06 -1.2212282e-06
10.955896 -8.1399021e-06 -1.0250302e-07 -1.2199678e-06 1.1174647e-06 -1.1174647e-06 -1.2199678e-06
10.961015 -8.1321545e-06 -1.0231472e-07 -1.2187091e-06 1.1163944e-06 -1.1163944e-06 -1.2187091e-06
10.966134 -8.1244179e-06 -1.0212674e-07 -1.2174523e-06 1.1153256e-06 -1.1153256e-06 -1.2174523e-06
10.971253 -8.1166921e-06 -1.0193906e-07 -1.2161973e-06 1.1142582e-06 -1.1142582e-06 -1.2161973e-06
10.976372 -8.1089772e-06 -1.0175168e-07 -1.2149441e-06 1.1131924e-06 -1.1131924e-06 -1.2149441e-06
10.981491 -8.1012732e-06 -1.0156462e-07 -1.2136927e-06 1.1121281e-06 -1.1121281e-06 -1.2136927e-06
10.986611 -8.09358e-06 -1.0137785e-07 -1.2124431e-06 1.1110653e-06 -1.1110653e-06 -1.2124431e-06
10.99173 -8.0858975e-06 -1.0119139e-07 -1.2111953e-06 1.1100039e-06 -1.1100039e-06 -1.2111953e-06
10.996849 -8.0782259e-06 -1.0100523e-07 -1.2099493e-06 1.1089441e-06 -1.1089441e-06 -1.2099493e-06
11.001968 -8.070565e-06 -1.0081938e-07 -1.2087051e-06 1.1078857e-06 -1.1078857e-06 -1.2087051e-06
11.007087 -8.0629149e-06 -1.0063383e-07 -1.2074626e-06 1.1068288e-06 -1.1068288e-06 -1.2074626e-06
11.012206 -8.0552755e-06 -1.0044858e-07 -1.206222e-06 1.1057734e-06 -1.1057734e-06 -1.206222e-06
11.017325 -8.0476469e-06 -1.0026363e-07 -1.2049831e-06 1.1047195e-06 -1.1047195e-06 -1.2049831e-06
11.022444 -8.0400289e-06 -1.0007898e-07 -1.2037461e-06 1.1036671e-06 -1.1036671e-06 -1.2037461e-06
11.027564 -8.0324216e-06 -9.9894626e-08 -1.2025108e-06 1.1026161e-06 -1.1026161e-06 -1.2025108e-06
11.032683 -8.0248249e-06 -9.9710575e-08 -1.2012772e-06 1.1015667e-06 -1.1015667e-06 -1.2012772e-06
11.037802 -8.0172389e-06 -9.9526822e-08 -1.2000455e-06 1.1005187e-06 -1.1005187e-06 -1.2000455e-06
11.042921 -8.0096636e-06 -9.9343367e-08 -1.1988155e-06 1.0994722e-06 -1.0994722e-06 -1.1988155e-06
11.04804 -8.0020988e-06 -9.9160209e-08 -1.1975873e-06 1.0984271e-06 -1.0984271e-06 -1.1975873e-06
11.053159 -7.9945447e-06 -9.8977347e-08 -1.1963609e-06 1.0973836e-06 -1.0973836e-06 -1.1963609e-06
11.058278 -7.987001e-06 -9.8794782e-08 -1.1951362e-06 1.0963414e-06 -1.0963414e-06 -1.1951362e-06
11.063397 -7.979468e-06 -9.8612512e-08 -1.1939133e-06 1.0953008e-06 -1.0953008e-06 -1.1939133e-06
11.068517 -7.9719454e-06 -9.8430537e-08 -1.1926921e-06 1.0942616e-06 -1.0942616e-06 -1.1926921e-06
11.073636 -7.9644333e-06 -9.8248856e-08 -1.1914727e-06 1.0932238e-06 -1.0932238e-06 -1.1914727e-06
11.078755 -7.9569317e-06 -9.8067469e-08 -1.190255e-06 1.0921875e-06 -1.0921875e-06 -1.190255e-06
11.083874 -7.9494406e-06 -9.7886375e-08 -1.1890391e-06 1.0911527e-06 -1.0911527e-06 -1.1890391e-06
11.088993 -7.9419672e-06 -9.7707552e-08 -1.1878295e-06 1.090122e-06 -1.090122e-06 -1.1878295e-06
11.094112 -7.9345094e-06 -9.7530421e-08 -1.186625e-06 1.0890946e-06 -1.0890946e-06 -1.186625e-06
11.099231 -7.927062e-06 -9.7353575e-08 -1.1854222e-06 1.0880686e-06 -1.0880686e-06 -1.1854222e-06
11.10435 -7.919625e-06 -9.7177014e-08 -1.1842211e-06 1.0870441e-06 -1.0870441e-06 -1.1842211e-06
11.109469 -7.9121983e-06 -9.7000737e-08 -1.1830217e-06 1.0860209e-06 -1.0860209e-06 -1.1830217e-06
11.114589 -7.9047819e-06 -9.6824743e-08 -1.181824e-06 1.0849993e-06 -1.0849993e-06 -1.181824e-06
11.119708 -7.8973758e-06 -9.6649033e-08 -1.180628e-06 1.083979e-06 -1.083979e-06 -1.180628e-06
11.124827 -7.88998e-06 -9.6473604e-08 -1.1794337e-06 1.0829601e-06 -1.0829601e-06 -1.1794337e-06
11.129946 -7.8825945e-06 -9.6298458e-08 -1.1782412e-06 1.0819427e-06 -1.0819427e-06 -1.1782412e-06
11.135065 -7.8752192e-06 -9.6123592e-08 -1.1770503e-06 1.0809267e-06 -1.0809267e-06 -1.1770503e-06
11.140184 -7.8678561e-06 -9.5949546e-08 -1.1758623e-06 1.0799128e-06 -1.0799128e-06 -1.1758623e-06
11.145303 -7.8605036e-06 -9.5775899e-08 -1.1746764e-06 1.0789005e-06 -1.0789005e-06 -1.1746764e-06
11.150422 -7.8531614e-06 -9.560253e-08 -1.1734921e-06 1.0778896e-06 -1.0778896e-06 -1.1734921e-06
11.155542 -7.8458293e-06 -9.542944e-08 -1.1723095e-06 1.0768801e-06 -1.0768801e-06 -1.1723095e-06
11.160661 -7.8385073e-06 -9.5256626e-08 -1.1711286e-06 1.0758719e-06 -1.0758719e-06 -1.1711286e-06
11.16578 -7.8311955e-06 -9.5084089e-08 -1.1699493e-06 1.0748652e-06 -1.0748652e-06 -1.1699493e-06
11.170899 -7.8238938e-06 -9.4911829e-08 -1.1687717e-06 1.0738599e-06 -1.0738599e-06 -1.1687717e-06
11.176018 -7.8166022e-06 -9.4739844e-08 -1.1675958e-06 1.072856e-06 -1.072856e-06 -1.1675958e-06
11.181137 -7.8093206e-06 -9.4568134e-08 -1.1664216e-06 1.0718534e-06 -1.0718534e-06 -1.1664216e-06
11.186256 -7.8020491e-06 -9.4396698e-08 -1.165249e-06 1.0708523e-06 -1.0708523e-06 -1.165249e-06
11.191375 -7.7947877e-06 -9.4225537e-08 -1.164078e-06 1.0698525e-06 -1.0698525e-06 -1.164078e-06
11.196494 -7.7875362e-06 -9.4054649e-08 -1.1629087e-06 1.0688541e-06 -1.0688541e-06 -1.1629087e-06
11.201614 -7.7802948e-06 -9.3884034e-08 -1.1617411e-06 1.0678571e-06 -1.0678571e-06 -1.1617411e-06
11.206733 -7.7730633e-06 -9.3713692e-08 -1.1605751e-06 1.0668614e-06 -1.0668614e-06 -1.1605751e-06
11.211852 -7.7658418e-06 -9.3543621e-08 -1.1594108e-06 1.0658671e-06 -1.0658671e-06 -1.1594108e-06
11.216971 -7.7586302e-06 -9.3373822e-08 -1.1582481e-06 1.0648742e-06 -1.0648742e-06 -1.1582481e-06
11.22209 -7.7514286e-06 -9.3204294e-08 -1.157087e-06 1.0638827e-06 -1.0638827e-06 -1.157087e-06
11.227209 -7.7442368e-06 -9.3035036e-08 -1.1559276e-06 1.0628925e-06 -1.0628925e-06 -1.1559276e-06
11.232328 -7.737055e-06 -9.2866047e-08 -1.1547698e-06 1.0619037e-06 -1.0619037e-06 -1.1547698e-06
11.237447 -7.7298837e-06 -9.2697597e-08 -1.1536141e-06 1.0609165e-06 -1.0609165e-06 -1.1536141e-06
11.242567 -7.7227244e-06 -9.2530097e-08 -1.1524615e-06 1.0599314e-06 -1.0599314e-06 -1.1524615e-06
11.247686 -7.7155748e-06 -9.2362863e-08 -1.1513104e-06 1.0589475e-06 -1.0589475e-06 -1.1513104e-06
11.252805 -7.7084351e-06 -9.2195895e-08 -1.1501609e-06 1.0579651e-06 -1.0579651e-06 -1.1501609e-06
11.257924 -7.7013052e-06 -9.2029192e-08 -1.1490131e-06 1.0569839e-06 -1.0569839e-06 -1.1490131e-06
11.263043 -7.694185e-06 -9.1862754e-08 -1.1478669e-06 1.0560041e-06 -1.0560041e-06 -1.1478669e-06
11.268162 -7.6870746e-06 -9.1696581e-08 -1.1467223e-06 1.0550257e-06 -1.0550257e-06 -1.1467223e-06
11.273281 -7.6799739e-06 -9.1530672e-08 -1.1455793e-06 1.0540486e-06 -1.0540486e-06 -1.1455793e-06
11.2784 -7.672883e-06 -9.1365026e-08 -1.1444379e-06 1.0530729e-06 -1.0530729e-06 -1.1444379e-06
11.28352 -7.6658017e-06 -9.1199642e-08 -1.1432981e-06 1.0520984e-06 -1.0520984e-06 -1.1432981e-06
11.288639 -7.6587344e-06 -9.1035994e-08 -1.1421627e-06 1.0511267e-06 -1.0511267e-06 -1.1421627e-06
11.293758 -7.6516808e-06 -9.0873988e-08 -1.1410317e-06 1.0501577e-06 -1.0501577e-06 -1.1410317e-06
11.298877 -7.6446368e-06 -9.0712238e-08 -1.1399022e-06 1.04919e-06 -1.04919e-06 -1.1399022e-06
11.303996 -7.6376025e-06 -9.0550744e-08 -1.1387743e-06 1.0482236e-06 -1.0482236e-06 -1.1387743e-06
11.309115 -7.6305777e-06 -9.0389505e-08 -1.137648e-06 1.0472585e-06 -1.0472585e-06 -1.137648e-06
11.314234 -7.6235625e-06 -9.0228521e-08 -1.1365233e-06 1.0462947e-06 -1.0462947e-06 -1.1365233e-06
11.319353 -7.6165569e-06 -9.006779e-08 -1.1354001e-06 1.0453323e-06 -1.0453323e-06 -1.1354001e-06
11.324472 -7.6095609e-06 -8.9907314e-08 -1.1342785e-06 1.0443712e-06 -1.0443712e-06 -1.1342785e-06
11.329592 -7.6025743e-06 -8.9747091e-08 -1.1331584e-06 1.0434113e-06 -1.0434113e-06 -1.1331584e-06
11.334711 -7.5955973e-06 -8.958712e-08 -1.1320399e-06 1.0424528e-06 -1.0424528e-06 -1.1320399e-06
11.33983 -7.5886298e-06 -8.9427402e-08 -1.130923e-06 1.0414956e-06 -1.0414956e-06 -1.130923e-06
11.344949 -7.5816719e-06 -8.9267937e-08 -1.1298077e-06 1.0405397e-06 -1.0405397e-06 -1.1298077e-06
11.350068 -7.5747233e-06 -8.9108722e-08 -1.1286939e-06 1.0395851e-06 -1.0395851e-06 -1.1286939e-06
11.355187 -7.5677843e-06 -8.8949758e-08 -1.1275816e-06 1.0386319e-06 -1.0386319e-06 -1.1275816e-06
11.360306 -7.5608546e-06 -8.8791045e-08 -1.1264709e-06 1.0376799e-06 -1.0376799e-06 -1.1264709e-06
11.365425 -7.5539344e-06 -8.8632581e-08 -1.1253617e-06 1.0367292e-06 -1.0367292e-06 -1.1253617e-06
11.370545 -7.5470235e-06 -8.8474366e-08 -1.1242541e-06 1.0357798e-06 -1.0357798e-06 -1.1242541e-06
11.375664 -7.5401221e-06 -8.8316401e-08 -1.123148e-06 1.0348316e-06 -1.0348316e-06 -1.123148e-06
11.380783 -7.5332299e-06 -8.8158683e-08 -1.1220435e-06 1.0338848e-06 -1.0338848e-06 -1.1220435e-06
11.385902 -7.5263472e-06 -8.8001214e-08 -1.1209405e-06 1.0329393e-06 -1.0329393e-06 -1.1209405e-06
11.391021 -7.5194738e-06 -8.7843991e-08 -1.119839e-06 1.031995e-06 -1.031995e-06 -1.119839e-06
11.39614 -7.5126096e-06 -8.7687015e-08 -1.118739e-06 1.031052e-06 -1.031052e-06 -1.118739e-06
11.401259 -7.5057548e-06 -8.7530286e-08 -1.1176406e-06 1.0301103e-06 -1.0301103e-06 -1.1176406e-06
11.406378 -7.4989092e-06 -8.7373802e-08 -1.1165437e-06 1.0291699e-06 -1.0291699e-06 -1.1165437e-06
11.411497 -7.4920729e-06 -8.7217564e-08 -1.1154483e-06 1.0282307e-06 -1.0282307e-06 -1.1154483e-06
11.416617 -7.4852459e-06 -8.7061571e-08 -1.1143544e-06 1.0272928e-06 -1.0272928e-06 -1.1143544e-06
11.421736 -7.4784281e-06 -8.6905823e-08 -1.113262e-06 1.0263562e-06 -1.0263562e-06 -1.113262e-06
11.426855 -7.4716194e-06 -8.6750319e-08 -1.1121712e-06 1.0254208e-06 -1.0254208e-06 -1.1121712e-06
11.431974 -7.46482e-06 -8.6595058e-08 -1.1110818e-06 1.0244867e-06 -1.0244867e-06 -1.1110818e-06
11.437093 -7.4580311e-06 -8.6440495e-08 -1.1099949e-06 1.0235544e-06 -1.0235544e-06 -1.1099949e-06
11.442212 -7.4512564e-06 -8.6287849e-08 -1.1089127e-06 1.0226249e-06 -1.0226249e-06 -1.1089127e-06
11.447331 -7.4444907e-06 -8.6135442e-08 -1.1078321e-06 1.0216967e-06 -1.0216967e-06 -1.1078321e-06
11.45245 -7.4377342e-06 -8.5983272e-08 -1.1067529e-06 1.0207697e-06 -1.0207697e-06 -1.1067529e-06
11.45757 -7.4309868e-06 -8.583134e-08 -1.1056753e-06 1.0198439e-06 -1.0198439e-06 -1.1056753e-06
11.462689 -7.4242484e-06 -8.5679644e-08 -1.1045991e-06 1.0189195e-06 -1.0189195e-06 -1.1045991e-06
11.467808 -7.4175192e-06 -8.5528186e-08 -1.1035244e-06 1.0179962e-06 -1.0179962e-06 -1.1035244e-06
11.472927 -7.410799e-06 -8.5376963e-08 -1.1024512e-06 1.0170742e-06 -1.0170742e-06 -1.1024512e-06
11.478046 -7.4040878e-06 -8.5225976e-08 -1.1013795e-06 1.0161535e-06 -1.0161535e-06 -1.1013795e-06
11.483165 -7.3973856e-06 -8.5075225e-08 -1.1003092e-06 1.015234e-06 -1.015234e-06 -1.1003092e-06
11.488284 -7.3906943e-06 -8.4925331e-08 -1.0992416e-06 1.0143163e-06 -1.0143163e-06 -1.0992416e-06
11.493403 -7.3840142e-06 -8.4776442e-08 -1.098177e-06 1.0134006e-06 -1.0134006e-06 -1.098177e-06
11.498523 -7.3773432e-06 -8.4627785e-08 -1.0971139e-06 1.0124861e-06 -1.0124861e-06 -1.0971139e-06
11.503642 -7.370681e-06 -8.4479359e-08 -1.0960523e-06 1.0115729e-06 -1.0115729e-06 -1.0960523e-06
11.508761 -7.3640278e-06 -8.4331163e-08 -1.0949921e-06 1.0106609e-06 -1.0106609e-06 -1.0949921e-06
11.51388 -7.3573835e-06 -8.4183197e-08 -1.0939333e-06 1.0097501e-06 -1.0097501e-06 -1.0939333e-06
11.518999 -7.3507481e-06 -8.4035461e-08 -1.092876e-06 1.0088405e-06 -1.0088405e-06 -1.092876e-06
11.524118 -7.3441216e-06 -8.3887955e-08 -1.0918201e-06 1.0079322e-06 -1.0079322e-06 -1.0918201e-06
11.529237 -7.337504e-06 -8.3740677e-08 -1.0907657e-06 1.007025e-06 -1.007025e-06 -1.0907657e-06
11.534356 -7.3308952e-06 -8.3593627e-08 -1.0897127e-06 1.0061191e-06 -1.0061191e-06 -1.0897127e-06
11.539475 -7.3242952e-06 -8.3446805e-08 -1.0886612e-06 1.0052144e-06 -1.0052144e-06 -1.0886612e-06
11.544595 -7.3177041e-06 -8.3300211e-08 -1.0876111e-06 1.0043109e-06 -1.0043109e-06 -1.0876111e-06
11.549714 -7.3111218e-06 -8.3153844e-08 -1.0865625e-06 1.0034086e-06 -1.0034086e-06 -1.0865625e-06
11.554833 -7.3045482e-06 -8.3007703e-08 -1.0855152e-06 1.0025075e-06 -1.0025075e-06 -1.0855152e-06
11.559952 -7.2979835e-06 -8.2861789e-08 -1.0844694e-06 1.0016076e-06 -1.0016076e-06 -1.0844694e-06
11.565071 -7.2914275e-06 -8.2716101e-08 -1.083425e-06 1.0007089e-06 -1.0007089e-06 -1.083425e-06
11.57019 -7.2848802e-06 -8.2570637e-08 -1.0823821e-06 9.9981144e-07 -9.9981144e-07 -1.0823821e-06
11.575309 -7.2783417e-06 -8.2425399e-08 -1.0813405e-06 9.9891514e-07 -9.9891514e-07 -1.0813405e-06
11.580428 -7.2718118e-06 -8.2280385e-08 -1.0803004e-06 9.9802004e-07 -9.9802004e-07 -1.0803004e-06
11.585548 -7.2652907e-06 -8.2135595e-08 -1.0792617e-06 9.9712613e-07 -9.9712613e-07 -1.0792617e-06
11.590667 -7.2587783e-06 -8.1991029e-08 -1.0782244e-06 9.9623341e-07 -9.9623341e-07 -1.0782244e-06
11.595786 -7.2522745e-06 -8.1846685e-08 -1.0771886e-06 9.9534187e-07 -9.9534187e-07 -1.0771886e-06
11.600905 -7.2457793e-06 -8.1702564e-08 -1.0761541e-06 9.9445152e-07 -9.9445152e-07 -1.0761541e-06
11.606024 -7.2392929e-06 -8.1558665e-08 -1.075121e-06 9.9356236e-07 -9.9356236e-07 -1.075121e-06
11.611143 -7.232815e-06 -8.1414989e-08 -1.0740894e-06 9.9267437e-07 -9.9267437e-07 -1.0740894e-06
11.616262 -7.2263457e-06 -8.1271534e-08 -1.0730591e-06 9.9178757e-07 -9.9178757e-07 -1.0730591e-06
11.621381 -7.219885e-06 -8.11283e-08 -1.0720302e-06 9.9090194e-07 -9.9090194e-07 -1.0720302e-06
11.626501 -7.2134329e-06 -8.0985286e-08 -1.0710028e-06 9.9001749e-07 -9.9001749e-07 -1.0710028e-06
11.63162 -7.2069894e-06 -8.0842493e-08 -1.0699767e-06 9.8913421e-07 -9.8913421e-07 -1.0699767e-06
11.636739 -7.2005553e-06 -8.0700339e-08 -1.0689527e-06 9.8825234e-07 -9.8825234e-07 -1.0689527e-06
11.641858 -7.1941351e-06 -8.0560887e-08 -1.067934e-06 9.873731e-07 -9.873731e-07 -1.067934e-06
11.646977 -7.1877234e-06 -8.0421649e-08 -1.0669167e-06 9.8649502e-07 -9.8649502e-07 -1.0669167e-06
11.652096 -7.1813202e-06 -8.0282624e-08 -1.0659007e-06 9.856181e-07 -9.856181e-07 -1.0659007e-06
11.657215 -7.1749255e-06 -8.0143812e-08 -1.0648862e-06 9.8474235e-07 -9.8474235e-07 -1.0648862e-06
11.662334 -7.1685393e-06 -8.0005213e-08 -1.063873e-06 9.8386775e-07 -9.8386775e-07 -1.063873e-06
11.667453 -7.1621615e-06 -7.9866827e-08 -1.0628611e-06 9.829943e-07 -9.829943e-07 -1.0628611e-06
11.672573 -7.1557921e-06 -7.9728652e-08 -1.0618507e-06 9.8212201e-07 -9.8212201e-07 -1.0618507e-06
11.677692 -7.1494311e-06 -7.9590689e-08 -1.0608416e-06 9.8125087e-07 -9.8125087e-07 -1.0608416e-06
11.682811 -7.1430785e-06 -7.9452937e-08 -1.0598338e-06 9.8038088e-07 -9.8038088e-07 -1.0598338e-06
11.68793 -7.1367346e-06 -7.9315521e-08 -1.0588276e-06 9.7951212e-07 -9.7951212e-07 -1.0588276e-06
11.693049 -7.1303996e-06 -7.9178524e-08 -1.0578231e-06 9.7864462e-07 -9.7864462e-07 -1.0578231e-06
11.698168 -7.1240728e-06 -7.9041736e-08 -1.05682e-06 9.7777827e-07 -9.7777827e-07 -1.05682e-06
11.703287 -7.1177544e-06 -7.8905156e-08 -1.0558182e-06 9.7691306e-07 -9.7691306e-07 -1.0558182e-06
11.708406 -7.1114444e-06 -7.8768786e-08 -1.0548178e-06 9.7604899e-07 -9.7604899e-07 -1.0548178e-06
11.713526 -7.1051426e-06 -7.8632623e-08 -1.0538187e-06 9.7518605e-07 -9.7518605e-07 -1.0538187e-06
11.718645 -7.0988492e-06 -7.8496669e-08 -1.0528209e-06 9.7432425e-07 -9.7432425e-07 -1.0528209e-06
11.723764 -7.092564e-06 -7.8360922e-08 -1.0518245e-06 9.7346358e-07 -9.7346358e-07 -1.0518245e-06
11.728883 -7.0862871e-06 -7.8225382e-08 -1.0508294e-06 9.7260405e-07 -9.7260405e-07 -1.0508294e-06
11.734002 -7.0800184e-06 -7.8090048e-08 -1.0498357e-06 9.7174564e-07 -9.7174564e-07 -1.0498357e-06
11.739121 -7.073758e-06 -7.795492e-08 -1.0488433e-06 9.7088836e-07 -9.7088836e-07 -1.0488433e-06
11.74424 -7.0675058e-06 -7.7819998e-08 -1.0478522e-06 9.7003221e-07 -9.7003221e-07 -1.0478522e-06
11.749359 -7.0612618e-06 -7.7685282e-08 -1.0468625e-06 9.6917717e-07 -9.6917717e-07 -1.0468625e-06
11.754478 -7.055026e-06 -7.755077e-08 -1.045874e-06 9.6832326e-07 -9.6832326e-07 -1.045874e-06
11.759598 -7.0487984e-06 -7.7416463e-08 -1.0448869e-06 9.6747047e-07 -9.6747047e-07 -1.0448869e-06
11.764717 -7.0425789e-06 -7.7282361e-08 -1.0439012e-06 9.666188e-07 -9.666188e-07 -1.0439012e-06
11.769836 -7.0363676e-06 -7.7148462e-08 -1.0429167e-06 9.6576824e-07 -9.6576824e-07 -1.0429167e-06
11.774955 -7.0301644e-06 -7.7014767e-08 -1.0419336e-06 9.649188e-07 -9.649188e-07 -1.0419336e-06
11.780074 -7.0239694e-06 -7.6881276e-08 -1.0409517e-06 9.6407046e-07 -9.6407046e-07 -1.0409517e-06
11.785193 -7.0177824e-06 -7.6747987e-08 -1.0399712e-06 9.6322324e-07 -9.6322324e-07 -1.0399712e-06
11.790312 -7.0116045e-06 -7.661523e-08 -1.0389926e-06 9.6237741e-07 -9.6237741e-07 -1.0389926e-06
11.795431 -7.0054348e-06 -7.6482737e-08 -1.0380155e-06 9.6153273e-07 -9.6153273e-07 -1.0380155e-06
11.800551 -6.9992732e-06 -7.6350444e-08 -1.0370396e-06 9.6068916e-07 -9.6068916e-07 -1.0370396e-06
11.80567 -6.9931196e-06 -7.6218353e-08 -1.036065e-06 9.5984669e-07 -9.5984669e-07 -1.036065e-06
11.810789 -6.986974e-06 -7.6086461e-08 -1.0350918e-06 9.5900532e-07 -9.5900532e-07 -1.0350918e-06
11.815908 -6.9808365e-06 -7.595477e-08 -1.0341198e-06 9.5816504e-07 -9.5816504e-07 -1.0341198e-06
11.821027 -6.974707e-06 -7.5823277e-08 -1.0331491e-06 9.5732587e-07 -9.5732587e-07 -1.0331491e-06
11.826146 -6.9685855e-06 -7.5691985e-08 -1.0321798e-06 9.5648778e-07 -9.5648778e-07 -1.0321798e-06
11.831265 -6.9624719e-06 -7.556089e-08 -1.0312117e-06 9.5565079e-07 -9.5565079e-07 -1.0312117e-06
11.836384 -6.9563669e-06 -7.5430189e-08 -1.0302452e-06 9.5481505e-07 -9.5481505e-07 -1.0302452e-06
11.841504 -6.9502761e-06 -7.5302083e-08 -1.0292844e-06 9.5398236e-07 -9.5398236e-07 -1.0292844e-06
11.846623 -6.9441933e-06 -7.5174169e-08 -1.0283249e-06 9.5315076e-07 -9.5315076e-07 -1.0283249e-06
11.851742 -6.9381183e-06 -7.5046449e-08 -1.0273667e-06 9.5232024e-07 -9.5232024e-07 -1.0273667e-06
11.856861 -6.9320513e-06 -7.4918921e-08 -1.0264097e-06 9.514908e-07 -9.514908e-07 -1.0264097e-06
11.86198 -6.9259922e-06 -7.4791585e-08 -1.025454e-06 9.5066244e-07 -9.5066244e-07 -1.025454e-06
11.867099 -6.9199409e-06 -7.466444e-08 -1.0244996e-06 9.4983515e-07 -9.4983515e-07 -1.0244996e-06
11.872218 -6.9138975e-06 -7.4537488e-08 -1.0235464e-06 9.4900894e-07 -9.4900894e-07 -1.0235464e-06
11.877337 -6.907862e-06 -7.4410726e-08 -1.0225945e-06 9.4818379e-07 -9.4818379e-07 -1.0225945e-06
11.882456 -6.9018342e-06 -7.4284155e-08 -1.0216439e-06 9.4735972e-07 -9.4735972e-07 -1.0216439e-06
11.887576 -6.8958143e-06 -7.4157774e-08 -1.0206945e-06 9.4653671e-07 -9.4653671e-07 -1.0206945e-06
11.892695 -6.8898022e-06 -7.4031583e-08 -1.0197464e-06 9.4571477e-07 -9.4571477e-07 -1.0197464e-06
11.897814 -6.8837979e-06 -7.3905581e-08 -1.0187995e-06 9.4489389e-07 -9.4489389e-07 -1.0187995e-06
11.902933 -6.8778014e-06 -7.3779769e-08 -1.0178538e-06 9.4407407e-07 -9.4407407e-07 -1.0178538e-06
11.908052 -6.8718126e-06 -7.3654146e-08 -1.0169095e-06 9.4325532e-07 -9.4325532e-07 -1.0169095e-06
11.913171 -6.8658316e-06 -7.3528711e-08 -1.0159663e-06 9.4243762e-07 -9.4243762e-07 -1.0159663e-06
11.91829 -6.8598583e-06 -7.3403465e-08 -1.0150244e-06 9.4162098e-07 -9.4162098e-07 -1.0150244e-06
11.923409 -6.8538928e-06 -7.3278406e-08 -1.0140838e-06 9.408054e-07 -9.408054e-07 -1.0140838e-06
11.928529 -6.8479349e-06 -7.3153536e-08 -1.0131444e-06 9.3999086e-07 -9.3999086e-07 -1.0131444e-06
11.933648 -6.8419848e-06 -7.3028852e-08 -1.0122062e-06 9.3917738e-07 -9.3917738e-07 -1.0122062e-06
11.938767 -6.8360423e-06 -7.2904356e-08 -1.0112693e-06 9.3836495e-07 -9.3836495e-07 -1.0112693e-06
11.943886 -6.8301075e-06 -7.2780046e-08 -1.0103336e-06 9.3755356e-07 -9.3755356e-07 -1.0103336e-06
11.949005 -6.8241804e-06 -7.2655923e-08 -1.0093991e-06 9.3674322e-07 -9.3674322e-07 -1.0093991e-06
11.954124 -6.8182609e-06 -7.2531986e-08 -1.0084659e-06 9.3593393e-07 -9.3593393e-07 -1.0084659e-06
11.959243 -6.8123491e-06 -7.2408234e-08 -1.0075339e-06 9.3512567e-07 -9.3512567e-07 -1.0075339e-06
11.964362 -6.8064448e-06 -7.2284667e-08 -1.0066031e-06 9.3431846e-07 -9.3431846e-07 -1.0066031e-06
11.969481 -6.8005482e-06 -7.2161286e-08 -1.0056736e-06 9.3351228e-07 -9.3351228e-07 -1.0056736e-06
11.974601 -6.7946592e-06 -7.2038088e-08 -1.0047452e-06 9.3270715e-07 -9.3270715e-07 -1.0047452e-06
11.97972 -6.7887777e-06 -7.1915075e-08 -1.0038181e-06 9.3190304e-07 -9.3190304e-07 -1.0038181e-06
11.984839 -6.7829038e-06 -7.1792246e-08 -1.0028922e-06 9.3109997e-07 -9.3109997e-07 -1.0028922e-06
11.989958 -6.7770384e-06 -7.1670264e-08 -1.0019683e-06 9.3029804e-07 -9.3029804e-07 -1.0019683e-06
11.995077 -6.7711807e-06 -7.1548658e-08 -1.0010458e-06 9.2949716e-07 -9.2949716e-07 -1.0010458e-06
12.000196 -6.7653306e-06 -7.1427234e-08 -1.0001245e-06 9.2869731e-07 -9.2869731e-07 -1.0001245e-06
12.005315 -6.7594879e-06 -7.130599e-08 -9.9920448e-07 9.2789849e-07 -9.2789849e-07 -9.9920448e-07
12.010434 -6.7536528e-06 -7.1184928e-08 -9.9828562e-07 9.2710069e-07 -9.2710069e-07 -9.9828562e-07
12.015554 -6.7478252e-06 -7.1064045e-08 -9.9736796e-07 9.2630391e-07 -9.2630391e-07 -9.9736796e-07
12.020673 -6.742005e-06 -7.0943343e-08 -9.964515e-07 9.2550815e-07 -9.2550815e-07 -9.964515e-07
12.025792 -6.7361923e-06 -7.0822821e-08 -9.9553624e-07 9.2471342e-07 -9.2471342e-07 -9.9553624e-07
12.030911 -6.7303871e-06 -7.0702478e-08 -9.9462218e-07 9.239197e-07 -9.239197e-07 -9.9462218e-07
12.03603 -6.7245893e-06 -7.0582325e-08 -9.9370932e-07 9.23127e-07 -9.23127e-07 -9.9370932e-07
12.041149 -6.7188015e-06 -7.046429e-08 -9.9279994e-07 9.2233565e-07 -9.2233565e-07 -9.9279994e-07
12.046268 -6.7130212e-06 -7.034643e-08 -9.9189175e-07 9.2154532e-07 -9.2154532e-07 -9.9189175e-07
12.051387 -6.7072482e-06 -7.0228745e-08 -9.9098474e-07 9.20756e-07 -9.20756e-07 -9.9098474e-07
12.056507 -6.7014827e-06 -7.0111234e-08 -9.9007892e-07 9.1996768e-07 -9.1996768e-07 -9.9007892e-07
12.061626 -6.6957245e-06 -6.9993897e-08 -9.8917427e-07 9.1918037e-07 -9.1918037e-07 -9.8917427e-07
12.066745 -6.6899736e-06 -6.9876734e-08 -9.8827081e-07 9.1839407e-07 -9.1839407e-07 -9.8827081e-07
12.071864 -6.6842302e-06 -6.9759745e-08 -9.8736852e-07 9.1760877e-07 -9.1760877e-07 -9.8736852e-07
12.076983 -6.678494e-06 -6.9642929e-08 -9.864674e-07 9.1682447e-07 -9.1682447e-07 -9.864674e-07
12.082102 -6.6727652e-06 -6.9526286e-08 -9.8556746e-07 9.1604117e-07 -9.1604117e-07 -9.8556746e-07
12.087221 -6.6670436e-06 -6.9409815e-08 -9.8466868e-07 9.1525886e-07 -9.1525886e-07 -9.8466868e-07
12.09234 -6.6613293e-06 -6.9293517e-08 -9.8377105e-07 9.1447753e-07 -9.1447753e-07 -9.8377105e-07
12.097459 -6.6556223e-06 -6.917739e-08 -9.8287459e-07 9.136972e-07 -9.136972e-07 -9.8287459e-07
12.102579 -6.6499226e-06 -6.9061435e-08 -9.8197929e-07 9.1291786e-07 -9.1291786e-07 -9.8197929e-07
12.107698 -6.6442301e-06 -6.8945652e-08 -9.8108516e-07 9.1213951e-07 -9.1213951e-07 -9.8108516e-07
12.112817 -6.6385449e-06 -6.8830039e-08 -9.8019218e-07 9.1136214e-07 -9.1136214e-07 -9.8019218e-07
12.117936 -6.6328669e-06 -6.8714598e-08 -9.7930037e-07 9.1058577e-07 -9.1058577e-07 -9.7930037e-07
12.123055 -6.6271961e-06 -6.8599326e-08 -9.7840971e-07 9.0981038e-07 -9.0981038e-07 -9.7840971e-07
12.128174 -6.6215326e-06 -6.8484225e-08 -9.775202e-07 9.0903598e-07 -9.0903598e-07 -9.775202e-07
12.133293 -6.6158762e-06 -6.8369294e-08 -9.7663185e-07 9.0826256e-07 -9.0826256e-07 -9.7663185e-07
12.138412 -6.610227e-06 -6.8254532e-08 -9.7574466e-07 9.0749013e-07 -9.0749013e-07 -9.7574466e-07
12.143532 -6.6045851e-06 -6.8139939e-08 -9.7485863e-07 9.0671869e-07 -9.0671869e-07 -9.7485863e-07
12.148651 -6.5989503e-06 -6.8025515e-08 -9.7397375e-07 9.0594823e-07 -9.0594823e-07 -9.7397375e-07
12.15377 -6.5933226e-06 -6.791126e-08 -9.7309001e-07 9.0517875e-07 -9.0517875e-07 -9.7309001e-07
12.158889 -6.5877021e-06 -6.7797172e-08 -9.7220741e-07 9.0441024e-07 -9.0441024e-07 -9.7220741e-07
12.164008 -6.5820887e-06 -6.7683253e-08 -9.7132596e-07 9.036427e-07 -9.036427e-07 -9.7132596e-07
12.169127 -6.5764824e-06 -6.7569502e-08 -9.7044564e-07 9.0287614e-07 -9.0287614e-07 -9.7044564e-07
12.174246 -6.5708832e-06 -6.7455918e-08 -9.6956646e-07 9.0211054e-07 -9.0211054e-07 -9.6956646e-07
12.179365 -6.5652911e-06 -6.73425e-08 -9.6868842e-07 9.0134592e-07 -9.0134592e-07 -9.6868842e-07
12.184484 -6.5597061e-06 -6.722925e-08 -9.678115e-07 9.0058225e-07 -9.0058225e-07 -9.678115e-07
12.189604 -6.5541298e-06 -6.7116907e-08 -9.6693694e-07 8.9982003e-07 -8.9982003e-07 -9.6693694e-07
12.194723 -6.5485613e-06 -6.700504e-08 -9.6606401e-07 8.9905897e-07 -8.9905897e-07 -9.6606401e-07
12.199842 -6.5429999e-06 -6.6893337e-08 -9.651922e-07 8.9829887e-07 -8.9829887e-07 -9.651922e-07
12.204961 -6.5374454e-06 -6.6781798e-08 -9.6432152e-07 8.9753972e-07 -8.9753972e-07 -9.6432152e-07
12.21008 -6.531898e-06 -6.6670422e-08 -9.6345196e-07 8.9678154e-07 -8.9678154e-07 -9.6345196e-07
12.215199 -6.5263575e-06 -6.6559209e-08 -9.6258352e-07 8.9602431e-07 -8.9602431e-07 -9.6258352e-07
12.220318 -6.5208241e-06 -6.644816e-08 -9.6171619e-07 8.9526803e-07 -8.9526803e-07 -9.6171619e-07
12.225437 -6.5152976e-06 -6.6337273e-08 -9.6084998e-07 8.9451271e-07 -8.9451271e-07 -9.6084998e-07
12.230557 -6.5097781e-06 -6.6226548e-08 -9.5998488e-07 8.9375833e-07 -8.9375833e-07 -9.5998488e-07
12.235676 -6.5042656e-06 -6.6115986e-08 -9.5912089e-07 8.9300491e-07 -8.9300491e-07 -9.5912089e-07
12.240795 -6.4987632e-06 -6.6006969e-08 -9.5826031e-07 8.9225334e-07 -8.9225334e-07 -9.5826031e-07
12.245914 -6.4932679e-06 -6.5898205e-08 -9.5740098e-07 8.9150277e-07 -8.9150277e-07 -9.5740098e-07
12.251033 -6.4877795e-06 -6.5789599e-08 -9.5654275e-07 8.9075315e-07 -8.9075315e-07 -9.5654275e-07
12.256152 -6.4822981e-06 -6.5681152e-08 -9.5568562e-07 8.9000446e-07 -8.9000446e-07 -9.5568562e-07
12.261271 -6.4768235e-06 -6.5572863e-08 -9.5482958e-07 8.8925672e-07 -8.8925672e-07 -9.5482958e-07
12.26639 -6.4713558e-06 -6.5464732e-08 -9.5397465e-07 8.8850992e-07 -8.8850992e-07 -9.5397465e-07
12.27151 -6.465895e-06 -6.5356758e-08 -9.5312081e-07 8.8776405e-07 -8.8776405e-07 -9.5312081e-07
12.276629 -6.4604411e-06 -6.5248942e-08 -9.5226806e-07 8.8701911e-07 -8.8701911e-07 -9.5226806e-07
12.281748 -6.4549939e-06 -6.5141282e-08 -9.514164e-07 8.8627511e-07 -8.8627511e-07 -9.514164e-07
12.286867 -6.4495537e-06 -6.503378e-08 -9.5056582e-07 8.8553204e-07 -8.8553204e-07 -9.5056582e-07
12.291986 -6.4441202e-06 -6.4926434e-08 -9.4971634e-07 8.8478991e-07 -8.8478991e-07 -9.4971634e-07
12.297105 -6.4386935e-06 -6.4819244e-08 -9.4886794e-07 8.840487e-07 -8.840487e-07 -9.4886794e-07
12.302224 -6.4332737e-06 -6.471221e-08 -9.4802062e-07 8.8330841e-07 -8.8330841e-07 -9.4802062e-07
12.307343 -6.4278606e-06 -6.4605331e-08 -9.4717439e-07 8.8256905e-07 -8.8256905e-07 -9.4717439e-07
12.312462 -6.4224543e-06 -6.4498608e-08 -9.4632923e-07 8.8183062e-07 -8.8183062e-07 -9.4632923e-07
12.317582 -6.4170548e-06 -6.439204e-08 -9.4548515e-07 8.8109311e-07 -8.8109311e-07 -9.4548515e-07
12.322701 -6.411662e-06 -6.4285627e-08 -9.4464215e-07 8.8035652e-07 -8.8035652e-07 -9.4464215e-07
12.32782 -6.406276e-06 -6.4179368e-08 -9.4380022e-07 8.7962085e-07 -8.7962085e-07 -9.4380022e-07
12.332939 -6.4008967e-06 -6.4073264e-08 -9.4295936e-07 8.788861e-07 -8.788861e-07 -9.4295936e-07
12.338058 -6.3955241e-06 -6.3967313e-08 -9.4211957e-07 8.7815226e-07 -8.7815226e-07 -9.4211957e-07
12.343177 -6.3901583e-06 -6.3861516e-08 -9.4128085e-07 8.7741934e-07 -8.7741934e-07 -9.4128085e-07
12.348296 -6.3847991e-06 -6.3755873e-08 -9.404432e-07 8.7668733e-07 -8.7668733e-07 -9.404432e-07
12.353415 -6.3794466e-06 -6.3650382e-08 -9.3960661e-07 8.7595623e-07 -8.7595623e-07 -9.3960661e-07
12.358535 -6.3741008e-06 -6.3545045e-08 -9.3877109e-07 8.7522604e-07 -8.7522604e-07 -9.3877109e-07
12.363654 -6.3687617e-06 -6.343986e-08 -9.3793663e-07 8.7449677e-07 -8.7449677e-07 -9.3793663e-07
12.368773 -6.3634292e-06 -6.3334827e-08 -9.3710322e-07 8.737684e-07 -8.737684e-07 -9.3710322e-07
12.373892 -6.3581033e-06 -6.3229947e-08 -9.3627088e-07 8.7304093e-07 -8.7304093e-07 -9.3627088e-07
12.379011 -6.3527841e-06 -6.3125218e-08 -9.3543959e-07 8.7231437e-07 -8.7231437e-07 -9.3543959e-07
12.38413 -6.3474715e-06 -6.3020641e-08 -9.3460935e-07 8.7158871e-07 -8.7158871e-07 -9.3460935e-07
12.389249 -6.3421668e-06 -6.2916923e-08 -9.3378118e-07 8.7086425e-07 -8.7086425e-07 -9.3378118e-07
12.394368 -6.3368695e-06 -6.2813763e-08 -9.3295463e-07 8.7014087e-07 -8.7014087e-07 -9.3295463e-07
12.399487 -6.3315788e-06 -6.2710751e-08 -9.3212913e-07 8.6941838e-07 -8.6941838e-07 -9.3212913e-07
12.404607 -6.3262946e-06 -6.2607888e-08 -9.3130467e-07 8.6869679e-07 -8.6869679e-07 -9.3130467e-07
12.409726 -6.321017e-06 -6.2505173e-08 -9.3048126e-07 8.6797609e-07 -8.6797609e-07 -9.3048126e-07
12.414845 -6.3157459e-06 -6.2402606e-08 -9.2965889e-07 8.6725628e-07 -8.6725628e-07 -9.2965889e-07
12.419964 -6.3104814e-06 -6.2300187e-08 -9.2883756e-07 8.6653737e-07 -8.6653737e-07 -9.2883756e-07
12.425083 -6.3052234e-06 -6.2197916e-08 -9.2801726e-07 8.6581935e-07 -8.6581935e-07 -9.2801726e-07
12.430202 -6.2999719e-06 -6.2095792e-08 -9.27198e-07 8.6510221e-07 -8.6510221e-07 -9.27198e-07
12.435321 -6.294727e-06 -6.1993815e-08 -9.2637978e-07 8.6438596e-07 -8.6438596e-07 -9.2637978e-07
12.44044 -6.2894906e-06 -6.1893093e-08 -9.2556418e-07 8.6367108e-07 -8.6367108e-07 -9.2556418e-07
12.44556 -6.284261e-06 -6.1792685e-08 -9.2474985e-07 8.6295716e-07 -8.6295716e-07 -9.2474985e-07
12.450679 -6.2790379e-06 -6.1692422e-08 -9.2393654e-07 8.6224412e-07 -8.6224412e-07 -9.2393654e-07
12.455798 -6.2738212e-06 -6.1592302e-08 -9.2312426e-07 8.6153196e-07 -8.6153196e-07 -9.2312426e-07
12.460917 -6.268611e-06 -6.1492326e-08 -9.2231301e-07 8.6082068e-07 -8.6082068e-07 -9.2231301e-07
12.466036 -6.2634073e-06 -6.1392493e-08 -9.2150277e-07 8.6011028e-07 -8.6011028e-07 -9.2150277e-07
12.471155 -6.2582099e-06 -6.1292803e-08 -9.2069355e-07 8.5940075e-07 -8.5940075e-07 -9.2069355e-07
12.476274 -6.253019e-06 -6.1193257e-08 -9.1988535e-07 8.586921e-07 -8.586921e-07 -9.1988535e-07
12.481393 -6.2478345e-06 -6.1093853e-08 -9.1907817e-07 8.5798432e-07 -8.5798432e-07 -9.1907817e-07
12.486513 -6.2426564e-06 -6.0994591e-08 -9.18272e-07 8.5727741e-07 -8.5727741e-07 -9.18272e-07
12.491632 -6.2374846e-06 -6.0895472e-08 -9.1746682e-07 8.5657135e-07 -8.5657135e-07 -9.1746682e-07
12.496751 -6.2323192e-06 -6.0796495e-08 -9.1666265e-07 8.5586616e-07 -8.5586616e-07 -9.1666265e-07
12.50187 -6.2271602e-06 -6.069766e-08 -9.1585949e-07 8.5516183e-07 -8.5516183e-07 -9.1585949e-07
12.506989 -6.2220076e-06 -6.0598966e-08 -9.1505734e-07 8.5445838e-07 -8.5445838e-07 -9.1505734e-07
12.512108 -6.2168612e-06 -6.0500414e-08 -9.142562e-07 8.5375579e-07 -8.5375579e-07 -9.142562e-07
12.517227 -6.2117213e-06 -6.0402002e-08 -9.1345606e-07 8.5305406e-07 -8.5305406e-07 -9.1345606e-07
12.522346 -6.2065876e-06 -6.0303731e-08 -9.1265692e-07 8.5235319e-07 -8.5235319e-07 -9.1265692e-07
12.527465 -6.2014603e-06 -6.02056e-08 -9.1185878e-07 8.5165318e-07 -8.5165318e-07 -9.1185878e-07
12.532585 -6.1963392e-06 -6.010761e-08 -9.1106165e-07 8.5095404e-07 -8.5095404e-07 -9.1106165e-07
12.537704 -6.1912245e-06 -6.0009759e-08 -9.1026551e-07 8.5025575e-07 -8.5025575e-07 -9.1026551e-07
12.542823 -6.1861161e-06 -5.9912048e-08 -9.0947039e-07 8.4955834e-07 -8.4955834e-07 -9.0947039e-07
12.547942 -6.181014e-06 -5.9814477e-08 -9.0867626e-07 8.4886178e-07 -8.4886178e-07 -9.0867626e-07
12.553061 -6.1759181e-06 -5.9717045e-08 -9.0788312e-07 8.4816608e-07 -8.4816608e-07 -9.0788312e-07
12.55818 -6.1708285e-06 -5.9619751e-08 -9.0709098e-07 8.4747123e-07 -8.4747123e-07 -9.0709098e-07
12.563299 -6.1657451e-06 -5.9522597e-08 -9.0629982e-07 8.4677723e-07 -8.4677723e-07 -9.0629982e-07
12.568418 -6.1606679e-06 -5.9425581e-08 -9.0550966e-07 8.4608407e-07 -8.4608407e-07 -9.0550966e-07
12.573538 -6.155597e-06 -5.9328703e-08 -9.0472047e-07 8.4539177e-07 -8.4539177e-07 -9.0472047e-07
12.578657 -6.1505323e-06 -5.9231963e-08 -9.0393228e-07 8.4470031e-07 -8.4470031e-07 -9.0393228e-07
12.583776 -6.1454738e-06 -5.9135361e-08 -9.0314506e-07 8.440097e-07 -8.440097e-07 -9.0314506e-07
12.588895 -6.1404225e-06 -5.9039453e-08 -9.0235962e-07 8.4332017e-07 -8.4332017e-07 -9.0235962e-07
12.594014 -6.1353782e-06 -5.8944109e-08 -9.0157577e-07 8.4263166e-07 -8.4263166e-07 -9.0157577e-07
12.599133 -6.13034e-06 -5.8848901e-08 -9.007929e-07 8.41944e-07 -8.41944e-07 -9.007929e-07
12.604252 -6.125308e-06 -5.8753827e-08 -9.00011e-07 8.4125717e-07 -8.4125717e-07 -9.00011e-07
12.609371 -6.1202822e-06 -5.8658889e-08 -8.9923007e-07 8.4057118e-07 -8.4057118e-07 -8.9923007e-07
12.61449 -6.1152625e-06 -5.8564085e-08 -8.9845011e-07 8.3988602e-07 -8.3988602e-07 -8.9845011e-07
12.61961 -6.1102489e-06 -5.8469416e-08 -8.9767112e-07 8.3920171e-07 -8.3920171e-07 -8.9767112e-07
12.624729 -6.1052415e-06 -5.8374881e-08 -8.968931e-07 8.3851822e-07 -8.3851822e-07 -8.968931e-07
12.629848 -6.1002401e-06 -5.828048e-08 -8.9611605e-07 8.3783557e-07 -8.3783557e-07 -8.9611605e-07
12.634967 -6.0952449e-06 -5.8186213e-08 -8.9533996e-07 8.3715374e-07 -8.3715374e-07 -8.9533996e-07
12.640086 -6.0902576e-06 -5.809304e-08 -8.9456622e-07 8.3647318e-07 -8.3647318e-07 -8.9456622e-07
12.645205 -6.0852768e-06 -5.8000242e-08 -8.9379379e-07 8.3579355e-07 -8.3579355e-07 -8.9379379e-07
12.650324 -6.080302e-06 -5.7907576e-08 -8.9302232e-07 8.3511474e-07 -8.3511474e-07 -8.9302232e-07
12.655443 -6.0753333e-06 -5.781504e-08 -8.922518e-07 8.3443676e-07 -8.3443676e-07 -8.922518e-07
12.660563 -6.0703707e-06 -5.7722635e-08 -8.9148224e-07 8.337596e-07 -8.337596e-07 -8.9148224e-07
12.665682 -6.0654141e-06 -5.763036e-08 -8.9071363e-07 8.3308327e-07 -8.3308327e-07 -8.9071363e-07
12.670801 -6.0604635e-06 -5.7538216e-08 -8.8994597e-07 8.3240775e-07 -8.3240775e-07 -8.8994597e-07
12.67592 -6.055519e-06 -5.7446201e-08 -8.8917926e-07 8.3173306e-07 -8.3173306e-07 -8.8917926e-07
12.681039 -6.0505804e-06 -5.7354317e-08 -8.884135e-07 8.3105918e-07 -8.3105918e-07 -8.884135e-07
12.686158 -6.0456479e-06 -5.7262562e-08 -8.8764868e-07 8.3038612e-07 -8.3038612e-07 -8.8764868e-07
12.691277 -6.0407213e-06 -5.7170936e-08 -8.8688481e-07 8.2971387e-07 -8.2971387e-07 -8.8688481e-07
12.696396 -6.0358007e-06 -5.7079439e-08 -8.8612188e-07 8.2904244e-07 -8.2904244e-07 -8.8612188e-07
12.701516 -6.0308861e-06 -5.6988072e-08 -8.8535989e-07 8.2837182e-07 -8.2837182e-07 -8.8535989e-07
12.706635 -6.0259775e-06 -5.6896833e-08 -8.8459885e-07 8.2770201e-07 -8.2770201e-07 -8.8459885e-07
12.711754 -6.0210748e-06 -5.6805722e-08 -8.8383874e-07 8.2703301e-07 -8.2703301e-07 -8.8383874e-07
12.716873 -6.016178e-06 -5.671474e-08 -8.8307957e-07 8.2636483e-07 -8.2636483e-07 -8.8307957e-07
12.721992 -6.0112871e-06 -5.6623886e-08 -8.8232133e-07 8.2569744e-07 -8.2569744e-07 -8.8232133e-07
12.727111 -6.0064022e-06 -5.6533159e-08 -8.8156403e-07 8.2503087e-07 -8.2503087e-07 -8.8156403e-07
12.73223 -6.0015232e-06 -5.644256e-08 -8.8080766e-07 8.243651e-07 -8.243651e-07 -8.8080766e-07
12.737349 -5.9966501e-06 -5.6352089e-08 -8.8005222e-07 8.2370013e-07 -8.2370013e-07 -8.8005222e-07
12.742468 -5.9917829e-06 -5.6261744e-08 -8.7929771e-07 8.2303597e-07 -8.2303597e-07 -8.7929771e-07
12.747588 -5.9869216e-06 -5.6171525e-08 -8.7854413e-07 8.223726e-07 -8.223726e-07 -8.7854413e-07
12.752707 -5.9820661e-06 -5.6081434e-08 -8.7779147e-07 8.2171004e-07 -8.2171004e-07 -8.7779147e-07
12.757826 -5.9772165e-06 -5.5991469e-08 -8.7703974e-07 8.2104827e-07 -8.2104827e-07 -8.7703974e-07
12.762945 -5.9723728e-06 -5.590163e-08 -8.7628893e-07 8.203873e-07 -8.203873e-07 -8.7628893e-07
12.768064 -5.9675349e-06 -5.5811918e-08 -8.7553905e-07 8.1972713e-07 -8.1972713e-07 -8.7553905e-07
12.773183 -5.9627028e-06 -5.5722331e-08 -8.7479008e-07 8.1906775e-07 -8.1906775e-07 -8.7479008e-07
12.778302 -5.9578766e-06 -5.563287e-08 -8.7404204e-07 8.1840917e-07 -8.1840917e-07 -8.7404204e-07
12.783421 -5.9530562e-06 -5.5543534e-08 -8.7329491e-07 8.1775138e-07 -8.1775138e-07 -8.7329491e-07
12.788541 -5.9482421e-06 -5.5454699e-08 -8.7254915e-07 8.1709445e-07 -8.1709445e-07 -8.7254915e-07
12.79366 -5.9434344e-06 -5.5366368e-08 -8.7180476e-07 8.164384e-07 -8.164384e-07 -8.7180476e-07
12.798779 -5.9386324e-06 -5.5278161e-08 -8.7106129e-07 8.1578313e-07 -8.1578313e-07 -8.7106129e-07
12.803898 -5.9338362e-06 -5.5190078e-08 -8.7031872e-07 8.1512865e-07 -8.1512865e-07 -8.7031872e-07
12.809017 -5.9290458e-06 -5.5102118e-08 -8.6957707e-07 8.1447495e-07 -8.1447495e-07 -8.6957707e-07
12.814136 -5.9242612e-06 -5.501428e-08 -8.6883632e-07 8.1382204e-07 -8.1382204e-07 -8.6883632e-07
12.819255 -5.9194823e-06 -5.4926565e-08 -8.6809647e-07 8.1316991e-07 -8.1316991e-07 -8.6809647e-07
12.824374 -5.9147091e-06 -5.4838973e-08 -8.6735753e-07 8.1251856e-07 -8.1251856e-07 -8.6735753e-07
12.829493 -5.9099417e-06 -5.4751503e-08 -8.666195e-07 8.1186799e-07 -8.1186799e-07 -8.666195e-07
12.834613 -5.90518e-06 -5.4664155e-08 -8.6588236e-07 8.1121821e-07 -8.1121821e-07 -8.6588236e-07
12.839732 -5.9004253e-06 -5.4577868e-08 -8.6514726e-07 8.105694e-07 -8.105694e-07 -8.6514726e-07
12.844851 -5.8956769e-06 -5.449205e-08 -8.6441349e-07 8.0992144e-07 -8.0992144e-07 -8.6441349e-07
12.84997 -5.8909341e-06 -5.4406351e-08 -8.636806e-07 8.0927425e-07 -8.0927425e-07 -8.636806e-07
12.855089 -5.8861971e-06 -5.4320772e-08 -8.6294861e-07 8.0862784e-07 -8.0862784e-07 -8.6294861e-07
12.860208 -5.8814657e-06 -5.4235311e-08 -8.6221751e-07 8.079822e-07 -8.079822e-07 -8.6221751e-07
12.865327 -5.8767399e-06 -5.414997e-08 -8.6148731e-07 8.0733734e-07 -8.0733734e-07 -8.6148731e-07
12.870446 -5.8720198e-06 -5.4064746e-08 -8.6075799e-07 8.0669324e-07 -8.0669324e-07 -8.6075799e-07
12.875566 -5.8673054e-06 -5.3979642e-08 -8.6002955e-07 8.0604991e-07 -8.0604991e-07 -8.6002955e-07
12.880685 -5.8625966e-06 -5.3894655e-08 -8.5930201e-07 8.0540735e-07 -8.0540735e-07 -8.5930201e-07
12.885804 -5.8578934e-06 -5.3809787e-08 -8.5857534e-07 8.0476556e-07 -8.0476556e-07 -8.5857534e-07
12.890923 -5.8531959e-06 -5.3725035e-08 -8.5784955e-07 8.0412451e-07 -8.0412451e-07 -8.5784955e-07
12.896042 -5.8485039e-06 -5.3640401e-08 -8.5712463e-07 8.0348423e-07 -8.0348423e-07 -8.5712463e-07
12.901161 -5.8438175e-06 -5.3555885e-08 -8.5640059e-07 8.028447e-07 -8.028447e-07 -8.5640059e-07
12.90628 -5.8391367e-06 -5.3471486e-08 -8.5567743e-07 8.0220594e-07 -8.0220594e-07 -8.5567743e-07
12.911399 -5.8344615e-06 -5.3387203e-08 -8.5495515e-07 8.0156795e-07 -8.0156795e-07 -8.5495515e-07
12.916519 -5.8297919e-06 -5.3303038e-08 -8.5423374e-07 8.0093071e-07 -8.0093071e-07 -8.5423374e-07
12.921638 -5.8251279e-06 -5.3218989e-08 -8.5351321e-07 8.0029422e-07 -8.0029422e-07 -8.5351321e-07
12.926757 -5.8204694e-06 -5.3135056e-08 -8.5279355e-07 7.996585e-07 -7.996585e-07 -8.5279355e-07
12.931876 -5.8158164e-06 -5.305124e-08 -8.5207477e-07 7.9902353e-07 -7.9902353e-07 -8.5207477e-07
12.936995 -5.811169e-06 -5.296754e-08 -8.5135685e-07 7.9838931e-07 -7.9838931e-07 -8.5135685e-07
12.942114 -5.8065271e-06 -5.2883955e-08 -8.506398e-07 7.9775585e-07 -7.9775585e-07 -8.506398e-07
12.947233 -5.8018908e-06 -5.2800486e-08 -8.4992363e-07 7.9712314e-07 -7.9712314e-07 -8.4992363e-07
12.952352 -5.79726e-06 -5.2717133e-08 -8.4920831e-07 7.9649118e-07 -7.9649118e-07 -8.4920831e-07
12.957471 -5.7926346e-06 -5.2633895e-08 -8.4849386e-07 7.9585997e-07 -7.9585997e-07 -8.4849386e-07
12.962591 -5.7880148e-06 -5.2550771e-08 -8.4778028e-07 7.9522951e-07 -7.9522951e-07 -8.4778028e-07
12.96771 -5.7834004e-06 -5.2467763e-08 -8.4706756e-07 7.9459979e-07 -7.9459979e-07 -8.4706756e-07
12.972829 -5.7787916e-06 -5.2384869e-08 -8.463557e-07 7.9397083e-07 -7.9397083e-07 -8.463557e-07
12.977948 -5.7741882e-06 -5.230209e-08 -8.4564469e-07 7.933426e-07 -7.933426e-07 -8.4564469e-07
12.983067 -5.7695902e-06 -5.2219425e-08 -8.4493455e-07 7.9271512e-07 -7.9271512e-07 -8.4493455e-07
12.988186 -5.764998e-06 -5.2137048e-08 -8.4422549e-07 7.9208844e-07 -7.9208844e-07 -8.4422549e-07
12.993305 -5.7604116e-06 -5.205502e-08 -8.4351758e-07 7.9146256e-07 -7.9146256e-07 -8.4351758e-07
12.998424 -5.7558307e-06 -5.1973104e-08 -8.4281052e-07 7.9083741e-07 -7.9083741e-07 -8.4281052e-07
13.003544 -5.7512551e-06 -5.1891302e-08 -8.4210431e-07 7.9021301e-07 -7.9021301e-07 -8.4210431e-07
13.008663 -5.746685e-06 -5.1809612e-08 -8.4139896e-07 7.8958935e-07 -7.8958935e-07 -8.4139896e-07
13.013782 -5.7421203e-06 -5.1728034e-08 -8.4069445e-07 7.8896642e-07 -7.8896642e-07 -8.4069445e-07
13.018901 -5.737561e-06 -5.1646569e-08 -8.399908e-07 7.8834423e-07 -7.8834423e-07 -8.399908e-07
13.02402 -5.7330071e-06 -5.1565216e-08 -8.3928799e-07 7.8772277e-07 -7.8772277e-07 -8.3928799e-07
13.029139 -5.7284586e-06 -5.1483974e-08 -8.3858602e-07 7.8710204e-07 -7.8710204e-07 -8.3858602e-07
13.034258 -5.7239154e-06 -5.1402845e-08 -8.378849e-07 7.8648205e-07 -7.8648205e-07 -8.378849e-07
13.039377 -5.7193789e-06 -5.1322776e-08 -8.3718576e-07 7.8586298e-07 -7.8586298e-07 -8.3718576e-07
13.044496 -5.7148485e-06 -5.1243307e-08 -8.3648804e-07 7.8524474e-07 -7.8524474e-07 -8.3648804e-07
13.049616 -5.7103235e-06 -5.1163946e-08 -8.3579117e-07 7.8462722e-07 -7.8462722e-07 -8.3579117e-07
13.054735 -5.7058037e-06 -5.1084694e-08 -8.3509512e-07 7.8401043e-07 -7.8401043e-07 -8.3509512e-07
13.059854 -5.7012893e-06 -5.1005551e-08 -8.3439992e-07 7.8339437e-07 -7.8339437e-07 -8.3439992e-07
13.064973 -5.6967803e-06 -5.0926516e-08 -8.3370554e-07 7.8277903e-07 -7.8277903e-07 -8.3370554e-07
13.070092 -5.6922765e-06 -5.0847589e-08 -8.33012e-07 7.8216441e-07 -7.8216441e-07 -8.33012e-07
13.075211 -5.687778e-06 -5.076877e-08 -8.3231929e-07 7.8155052e-07 -7.8155052e-07 -8.3231929e-07
13.08033 -5.6832849e-06 -5.0690059e-08 -8.3162741e-07 7.8093735e-07 -7.8093735e-07 -8.3162741e-07
13.085449 -5.678797e-06 -5.0611456e-08 -8.3093635e-07 7.803249e-07 -7.803249e-07 -8.3093635e-07
13.090569 -5.6743144e-06 -5.053296e-08 -8.3024614e-07 7.7971318e-07 -7.7971318e-07 -8.3024614e-07
13.095688 -5.6698372e-06 -5.0454571e-08 -8.2955676e-07 7.7910219e-07 -7.7910219e-07 -8.2955676e-07
13.100807 -5.6653652e-06 -5.0376289e-08 -8.288682e-07 7.7849191e-07 -7.7849191e-07 -8.288682e-07
13.105926 -5.6608984e-06 -5.0298114e-08 -8.2818046e-07 7.7788234e-07 -7.7788234e-07 -8.2818046e-07
13.111045 -5.6564369e-06 -5.0220046e-08 -8.2749354e-07 7.7727349e-07 -7.7727349e-07 -8.2749354e-07
13.116164 -5.6519806e-06 -5.0142085e-08 -8.2680744e-07 7.7666536e-07 -7.7666536e-07 -8.2680744e-07
13.121283 -5.6475296e-06 -5.0064229e-08 -8.2612217e-07 7.7605794e-07 -7.7605794e-07 -8.2612217e-07
13.126402 -5.6430837e-06 -4.998648e-08 -8.2543771e-07 7.7545122e-07 -7.7545122e-07 -8.2543771e-07
13.131522 -5.6386431e-06 -4.9908837e-08 -8.2475406e-07 7.7484522e-07 -7.7484522e-07 -8.2475406e-07
13.136641 -5.6342077e-06 -4.98313e-08 -8.2407123e-07 7.7423993e-07 -7.7423993e-07 -8.2407123e-07
13.14176 -5.6297775e-06 -4.9753868e-08 -8.2338919e-07 7.7363532e-07 -7.7363532e-07 -8.2338919e-07
13.146879 -5.6253524e-06 -4.9676541e-08 -8.2270797e-07 7.7303143e-07 -7.7303143e-07 -8.2270797e-07
13.151998 -5.6209326e-06 -4.959932e-08 -8.2202755e-07 7.7242823e-07 -7.7242823e-07 -8.2202755e-07
13.157117 -5.6165179e-06 -4.9522204e-08 -8.2134795e-07 7.7182575e-07 -7.7182575e-07 -8.2134795e-07
13.162236 -5.6121084e-06 -4.9445193e-08 -8.2066915e-07 7.7122396e-07 -7.7122396e-07 -8.2066915e-07
13.167355 -5.607704e-06 -4.9368287e-08 -8.1999117e-07 7.7062288e-07 -7.7062288e-07 -8.1999117e-07
13.172474 -5.6033048e-06 -4.9291485e-08 -8.1931398e-07 7.700225e-07 -7.700225e-07 -8.1931398e-07
13.177594 -5.5989107e-06 -4.9214788e-08 -8.1863761e-07 7.6942282e-07 -7.6942282e-07 -8.1863761e-07
13.182713 -5.5945217e-06 -4.9138194e-08 -8.1796203e-07 7.6882384e-07 -7.6882384e-07 -8.1796203e-07
13.187832 -5.5901379e-06 -4.9061711e-08 -8.1728727e-07 7.6822556e-07 -7.6822556e-07 -8.1728727e-07
13.192951 -5.5857593e-06 -4.898534e-08 -8.1661332e-07 7.6762798e-07 -7.6762798e-07 -8.1661332e-07
13.19807 -5.5813857e-06 -4.8909073e-08 -8.1594018e-07 7.6703111e-07 -7.6703111e-07 -8.1594018e-07
13.203189 -5.5770173e-06 -4.883291e-08 -8.1526783e-07 7.6643492e-07 -7.6643492e-07 -8.1526783e-07
13.208308 -5.5726539e-06 -4.875685e-08 -8.1459628e-07 7.6583943e-07 -7.6583943e-07 -8.1459628e-07
13.213427 -5.5682957e-06 -4.8680893e-08 -8.1392553e-07 7.6524463e-07 -7.6524463e-07 -8.1392553e-07
13.218547 -5.5639425e-06 -4.8605039e-08 -8.1325557e-07 7.6465053e-07 -7.6465053e-07 -8.1325557e-07
13.223666 -5.5595944e-06 -4.8529288e-08 -8.125864e-07 7.6405711e-07 -7.6405711e-07 -8.125864e-07
13.228785 -5.5552513e-06 -4.8453639e-08 -8.1191802e-07 7.6346438e-07 -7.6346438e-07 -8.1191802e-07
13.233904 -5.5509133e-06 -4.8378094e-08 -8.1125044e-07 7.6287235e-07 -7.6287235e-07 -8.1125044e-07
13.239023 -5.5465818e-06 -4.830368e-08 -8.1058491e-07 7.6228123e-07 -7.6228123e-07 -8.1058491e-07
13.244142 -5.5422565e-06 -4.8230082e-08 -8.0992104e-07 7.6169096e-07 -7.6169096e-07 -8.0992104e-07
13.249261 -5.5379361e-06 -4.8156582e-08 -8.0925795e-07 7.6110137e-07 -7.6110137e-07 -8.0925795e-07
13.25438 -5.5336208e-06 -4.8083182e-08 -8.0859565e-07 7.6051247e-07 -7.6051247e-07 -8.0859565e-07
13.259499 -5.5293104e-06 -4.8009881e-08 -8.0793412e-07 7.5992424e-07 -7.5992424e-07 -8.0793412e-07
13.264619 -5.5250051e-06 -4.7936678e-08 -8.0727338e-07 7.593367e-07 -7.593367e-07 -8.0727338e-07
13.269738 -5.5207048e-06 -4.7863574e-08 -8.0661342e-07 7.5874984e-07 -7.5874984e-07 -8.0661342e-07
13.274857 -5.5164094e-06 -4.7790569e-08 -8.0595423e-07 7.5816366e-07 -7.5816366e-07 -8.0595423e-07
13.279976 -5.5121191e-06 -4.7717662e-08 -8.0529582e-07 7.5757816e-07 -7.5757816e-07 -8.0529582e-07
13.285095 -5.5078337e-06 -4.7644853e-08 -8.0463819e-07 7.5699334e-07 -7.5699334e-07 -8.0463819e-07
13.290214 -5.5035533e-06 -4.7572142e-08 -8.0398133e-07 7.5640919e-07 -7.5640919e-07 -8.0398133e-07
13.295333 -5.4992778e-06 -4.7499529e-08 -8.0332524e-07 7.5582571e-07 -7.5582571e-07 -8.0332524e-07
13.300452 -5.4950073e-06 -4.7427013e-08 -8.0266993e-07 7.5524291e-07 -7.5524291e-07 -8.0266993e-07
13.305572 -5.4907418e-06 -4.7354595e-08 -8.0201538e-07 7.5466079e-07 -7.5466079e-07 -8.0201538e-07
13.310691 -5.4864811e-06 -4.7282274e-08 -8.0136161e-07 7.5407933e-07 -7.5407933e-07 -8.0136161e-07
13.31581 -5.4822254e-06 -4.721005e-08 -8.007086e-07 7.5349855e-07 -7.5349855e-07 -8.007086e-07
13.320929 -5.4779746e-06 -4.7137924e-08 -8.0005636e-07 7.5291843e-07 -7.5291843e-07 -8.0005636e-07
13.326048 -5.4737288e-06 -4.7065894e-08 -7.9940488e-07 7.5233899e-07 -7.5233899e-07 -7.9940488e-07
13.331167 -5.4694878e-06 -4.6993961e-08 -7.9875417e-07 7.5176021e-07 -7.5176021e-07 -7.9875417e-07
13.336286 -5.4652517e-06 -4.6922125e-08 -7.9810422e-07 7.511821e-07 -7.511821e-07 -7.9810422e-07
13.341405 -5.4610206e-06 -4.6850385e-08 -7.9745504e-07 7.5060465e-07 -7.5060465e-07 -7.9745504e-07
13.346525 -5.4567943e-06 -4.6778741e-08 -7.9680662e-07 7.5002787e-07 -7.5002787e-07 -7.9680662e-07
13.351644 -5.4525728e-06 -4.6707194e-08 -7.9615895e-07 7.4945176e-07 -7.4945176e-07 -7.9615895e-07
13.356763 -5.4483563e-06 -4.6635743e-08 -7.9551205e-07 7.488763e-07 -7.488763e-07 -7.9551205e-07
13.361882 -5.4441446e-06 -4.6564387e-08 -7.948659e-07 7.4830151e-07 -7.4830151e-07 -7.948659e-07
13.367001 -5.4399378e-06 -4.6493127e-08 -7.9422051e-07 7.4772738e-07 -7.4772738e-07 -7.9422051e-07
13.37212 -5.4357358e-06 -4.6421962e-08 -7.9357587e-07 7.4715391e-07 -7.4715391e-07 -7.9357587e-07
13.377239 -5.4315386e-06 -4.6350893e-08 -7.9293199e-07 7.4658109e-07 -7.4658109e-07 -7.9293199e-07
13.382358 -5.4273463e-06 -4.6279918e-08 -7.9228886e-07 7.4600894e-07 -7.4600894e-07 -7.9228886e-07
13.387477 -5.4231588e-06 -4.6209039e-08 -7.9164648e-07 7.4543744e-07 -7.4543744e-07 -7.9164648e-07
13.392597 -5.4189761e-06 -4.6138255e-08 -7.9100485e-07 7.448666e-07 -7.448666e-07 -7.9100485e-07
13.397716 -5.4147982e-06 -4.6067565e-08 -7.9036397e-07 7.4429641e-07 -7.4429641e-07 -7.9036397e-07
13.402835 -5.4106251e-06 -4.599697e-08 -7.8972384e-07 7.4372687e-07 -7.4372687e-07 -7.8972384e-07
13.407954 -5.4064568e-06 -4.5926469e-08 -7.8908446e-07 7.4315799e-07 -7.4315799e-07 -7.8908446e-07
13.413073 -5.4022933e-06 -4.5856062e-08 -7.8844582e-07 7.4258976e-07 -7.4258976e-07 -7.8844582e-07
13.418192 -5.3981346e-06 -4.5785749e-08 -7.8780793e-07 7.4202218e-07 -7.4202218e-07 -7.8780793e-07
13.423311 -5.3939806e-06 -4.5715531e-08 -7.8717078e-07 7.4145525e-07 -7.4145525e-07 -7.8717078e-07
13.42843 -5.3898314e-06 -4.5645406e-08 -7.8653437e-07 7.4088896e-07 -7.4088896e-07 -7.8653437e-07
13.43355 -5.385687e-06 -4.5575374e-08 -7.858987e-07 7.4032333e-07 -7.4032333e-07 -7.858987e-07
13.438669 -5.3815482e-06 -4.5506042e-08 -7.8526454e-07 7.397585e-07 -7.397585e-07 -7.8526454e-07
13.443788 -5.377415e-06 -4.5437358e-08 -7.8463181e-07 7.3919445e-07 -7.3919445e-07 -7.8463181e-07
13.448907 -5.3732866e-06 -4.5368765e-08 -7.8399981e-07 7.3863104e-07 -7.3863104e-07 -7.8399981e-07
13.454026 -5.3691629e-06 -4.5300263e-08 -7.8336855e-07 7.3806828e-07 -7.3806828e-07 -7.8336855e-07
13.459145 -5.3650438e-06 -4.5231853e-08 -7.8273802e-07 7.3750616e-07 -7.3750616e-07 -7.8273802e-07
13.464264 -5.3609295e-06 -4.5163533e-08 -7.8210822e-07 7.3694469e-07 -7.3694469e-07 -7.8210822e-07
13.469383 -5.3568199e-06 -4.5095304e-08 -7.8147916e-07 7.3638385e-07 -7.3638385e-07 -7.8147916e-07
13.474503 -5.352715e-06 -4.5027166e-08 -7.8085082e-07 7.3582365e-07 -7.3582365e-07 -7.8085082e-07
13.479622 -5.3486148e-06 -4.4959119e-08 -7.8022321e-07 7.3526409e-07 -7.3526409e-07 -7.8022321e-07
13.484741 -5.3445193e-06 -4.4891161e-08 -7.7959633e-07 7.3470517e-07 -7.3470517e-07 -7.7959633e-07
13.48986 -5.3404289e-06 -4.4823622e-08 -7.7897057e-07 7.3414695e-07 -7.3414695e-07 -7.7897057e-07
13.494979 -5.3363432e-06 -4.475628e-08 -7.7834566e-07 7.3358938e-07 -7.3358938e-07 -7.7834566e-07
13.500098 -5.3322623e-06 -4.4689027e-08 -7.7772147e-07 7.3303244e-07 -7.3303244e-07 -7.7772147e-07
13.505217 -5.328186e-06 -4.4621864e-08 -7.77098e-07 7.3247613e-07 -7.3247613e-07 -7.77098e-07
13.510336 -5.3241144e-06 -4.4554789e-08 -7.7647525e-07 7.3192046e-07 -7.3192046e-07 -7.7647525e-07
13.515455 -5.3200474e-06 -4.4487803e-08 -7.7585323e-07 7.3136542e-07 -7.3136542e-07 -7.7585323e-07
13.520575 -5.315985e-06 -4.4420905e-08 -7.7523192e-07 7.3081101e-07 -7.3081101e-07 -7.7523192e-07
13.525694 -5.3119272e-06 -4.4354097e-08 -7.7461133e-07 7.3025723e-07 -7.3025723e-07 -7.7461133e-07
13.530813 -5.3078741e-06 -4.4287376e-08 -7.7399146e-07 7.2970408e-07 -7.2970408e-07 -7.7399146e-07
13.535932 -5.3038256e-06 -4.4220744e-08 -7.733723e-07 7.2915156e-07 -7.2915156e-07 -7.733723e-07
13.541051 -5.2997817e-06 -4.4154199e-08 -7.7275388e-07 7.2859968e-07 -7.2859968e-07 -7.7275388e-07
13.54617 -5.2957424e-06 -4.4087743e-08 -7.7213617e-07 7.2804843e-07 -7.2804843e-07 -7.7213617e-07
13.551289 -5.2917077e-06 -4.4021374e-08 -7.7151918e-07 7.274978e-07 -7.274978e-07 -7.7151918e-07
13.556408 -5.2876776e-06 -4.3955093e-08 -7.7090289e-07 7.269478e-07 -7.269478e-07 -7.7090289e-07
13.561528 -5.2836521e-06 -4.3888899e-08 -7.7028732e-07 7.2639842e-07 -7.2639842e-07 -7.7028732e-07
13.566647 -5.2796311e-06 -4.3822793e-08 -7.6967245e-07 7.2584966e-07 -7.2584966e-07 -7.6967245e-07
13.571766 -5.2756147e-06 -4.3756774e-08 -7.690583e-07 7.2530152e-07 -7.2530152e-07 -7.690583e-07
13.576885 -5.2716029e-06 -4.3690842e-08 -7.6844485e-07 7.2475401e-07 -7.2475401e-07 -7.6844485e-07
13.582004 -5.2675956e-06 -4.3624997e-08 -7.6783211e-07 7.2420711e-07 -7.2420711e-07 -7.6783211e-07
13.587123 -5.2635928e-06 -4.3559239e-08 -7.6722007e-07 7.2366083e-07 -7.2366083e-07 -7.6722007e-07
13.592242 -5.2595946e-06 -4.3493568e-08 -7.6660873e-07 7.2311517e-07 -7.2311517e-07 -7.6660873e-07
13.597361 -5.2556009e-06 -4.3427983e-08 -7.659981e-07 7.2257012e-07 -7.2257012e-07 -7.659981e-07
13.60248 -5.2516117e-06 -4.3362485e-08 -7.6538817e-07 7.2202569e-07 -7.2202569e-07 -7.6538817e-07
13.6076 -5.2476271e-06 -4.3297073e-08 -7.6477895e-07 7.2148187e-07 -7.2148187e-07 -7.6477895e-07
13.612719 -5.2436469e-06 -4.3231747e-08 -7.6417042e-07 7.2093867e-07 -7.2093867e-07 -7.6417042e-07
13.617838 -5.2396713e-06 -4.3166507e-08 -7.6356259e-07 7.2039608e-07 -7.2039608e-07 -7.6356259e-07
13.622957 -5.2357001e-06 -4.3101353e-08 -7.6295546e-07 7.198541e-07 -7.198541e-07 -7.6295546e-07
13.628076 -5.2317334e-06 -4.3036285e-08 -7.6234902e-07 7.1931274e-07 -7.1931274e-07 -7.6234902e-07
13.633195 -5.2277712e-06 -4.2971302e-08 -7.6174328e-07 7.1877198e-07 -7.1877198e-07 -7.6174328e-07
13.638314 -5.2238138e-06 -4.290666e-08 -7.6113849e-07 7.1823183e-07 -7.1823183e-07 -7.6113849e-07
13.643433 -5.2198611e-06 -4.2842411e-08 -7.6053469e-07 7.1769228e-07 -7.1769228e-07 -7.6053469e-07
13.648553 -5.2159128e-06 -4.2778246e-08 -7.5993158e-07 7.1715333e-07 -7.1715333e-07 -7.5993158e-07
13.653672 -5.211969e-06 -4.2714165e-08 -7.5932916e-07 7.16615e-07 -7.16615e-07 -7.5932916e-07
13.658791 -5.2080297e-06 -4.2650169e-08 -7.5872744e-07 7.1607727e-07 -7.1607727e-07 -7.5872744e-07
13.66391 -5.2040948e-06 -4.2586256e-08 -7.581264e-07 7.1554014e-07 -7.1554014e-07 -7.581264e-07
13.669029 -5.2001643e-06 -4.2522427e-08 -7.5752604e-07 7.1500362e-07 -7.1500362e-07 -7.5752604e-07
13.674148 -5.1962382e-06 -4.2458682e-08 -7.5692638e-07 7.144677e-07 -7.144677e-07 -7.5692638e-07
13.679267 -5.1923166e-06 -4.2395021e-08 -7.563274e-07 7.1393238e-07 -7.1393238e-07 -7.563274e-07
13.684386 -5.1883994e-06 -4.2331442e-08 -7.557291e-07 7.1339766e-07 -7.1339766e-07 -7.557291e-07
13.689506 -5.1844871e-06 -4.2268584e-08 -7.551321e-07 7.1286352e-07 -7.1286352e-07 -7.551321e-07
13.694625 -5.1805796e-06 -4.22061e-08 -7.5453607e-07 7.1232997e-07 -7.1232997e-07 -7.5453607e-07
13.699744 -5.1766764e-06 -4.2143698e-08 -7.5394071e-07 7.1179701e-07 -7.1179701e-07 -7.5394071e-07
13.704863 -5.1727776e-06 -4.2081377e-08 -7.5334603e-07 7.1126465e-07 -7.1126465e-07 -7.5334603e-07
13.709982 -5.1688832e-06 -4.2019138e-08 -7.5275203e-07 7.1073289e-07 -7.1073289e-07 -7.5275203e-07
13.715101 -5.1649932e-06 -4.195698e-08 -7.5215871e-07 7.1020173e-07 -7.1020173e-07 -7.5215871e-07
13.72022 -5.1611075e-06 -4.1894903e-08 -7.5156606e-07 7.0967116e-07 -7.0967116e-07 -7.5156606e-07
13.725339 -5.1572262e-06 -4.1832907e-08 -7.5097409e-07 7.0914118e-07 -7.0914118e-07 -7.5097409e-07
13.730458 -5.1533493e-06 -4.1770991e-08 -7.5038279e-07 7.086118e-07 -7.086118e-07 -7.5038279e-07
13.735578 -5.1494767e-06 -4.1709157e-08 -7.4979216e-07 7.0808301e-07 -7.0808301e-07 -7.4979216e-07
13.740697 -5.1456084e-06 -4.1647402e-08 -7.4920221e-07 7.075548e-07 -7.075548e-07 -7.4920221e-07
13.745816 -5.1417445e-06 -4.1585728e-08 -7.4861292e-07 7.0702719e-07 -7.0702719e-07 -7.4861292e-07
13.750935 -5.1378849e-06 -4.1524134e-08 -7.4802431e-07 7.0650017e-07 -7.0650017e-07 -7.4802431e-07
13.756054 -5.1340296e-06 -4.1462621e-08 -7.4743636e-07 7.0597374e-07 -7.0597374e-07 -7.4743636e-07
13.761173 -5.1301786e-06 -4.1401187e-08 -7.4684908e-07 7.054479e-07 -7.054479e-07 -7.4684908e-07
13.766292 -5.1263319e-06 -4.1339834e-08 -7.4626247e-07 7.0492264e-07 -7.0492264e-07 -7.4626247e-07
13.771411 -5.1224896e-06 -4.127856e-08 -7.4567653e-07 7.0439797e-07 -7.0439797e-07 -7.4567653e-07
13.776531 -5.1186515e-06 -4.1217365e-08 -7.4509125e-07 7.0387388e-07 -7.0387388e-07 -7.4509125e-07
13.78165 -5.1148177e-06 -4.1156251e-08 -7.4450663e-07 7.0335038e-07 -7.0335038e-07 -7.4450663e-07
13.786769 -5.1109882e-06 -4.1095215e-08 -7.4392267e-07 7.0282746e-07 -7.0282746e-07 -7.4392267e-07
13.791888 -5.107163e-06 -4.1034259e-08 -7.4333938e-07 7.0230512e-07 -7.0230512e-07 -7.4333938e-07
13.797007 -5.103342e-06 -4.0973382e-08 -7.4275675e-07 7.0178337e-07 -7.0178337e-07 -7.4275675e-07
13.802126 -5.0995253e-06 -4.0912584e-08 -7.4217478e-07 7.0126219e-07 -7.0126219e-07 -7.4217478e-07
13.807245 -5.0957129e-06 -4.0851865e-08 -7.4159346e-07 7.007416e-07 -7.007416e-07 -7.4159346e-07
13.812364 -5.0919047e-06 -4.0791225e-08 -7.4101281e-07 7.0022158e-07 -7.0022158e-07 -7.4101281e-07
13.817483 -5.0881008e-06 -4.0730663e-08 -7.4043281e-07 6.9970214e-07 -6.9970214e-07 -7.4043281e-07
13.822603 -5.084301e-06 -4.067018e-08 -7.3985346e-07 6.9918328e-07 -6.9918328e-07 -7.3985346e-07
13.827722 -5.0805056e-06 -4.0609775e-08 -7.3927477e-07 6.98665e-07 -6.98665e-07 -7.3927477e-07
13.832841 -5.0767143e-06 -4.0549449e-08 -7.3869674e-07 6.9814729e-07 -6.9814729e-07 -7.3869674e-07
13.83796 -5.0729273e-06 -4.04892e-08 -7.3811935e-07 6.9763015e-07 -6.9763015e-07 -7.3811935e-07
13.843079 -5.0691444e-06 -4.042903e-08 -7.375426e-07 6.9711357e-07 -6.9711357e-07 -7.375426e-07
13.848198 -5.0653658e-06 -4.0368937e-08 -7.369665e-07 6.9659757e-07 -6.9659757e-07 -7.369665e-07
13.853317 -5.0615913e-06 -4.0308922e-08 -7.3639106e-07 6.9608213e-07 -6.9608213e-07 -7.3639106e-07
13.858436 -5.0578211e-06 -4.0248985e-08 -7.3581626e-07 6.9556727e-07 -6.9556727e-07 -7.3581626e-07
13.863556 -5.054055e-06 -4.0189126e-08 -7.3524211e-07 6.9505298e-07 -6.9505298e-07 -7.3524211e-07
13.868675 -5.0502931e-06 -4.0129344e-08 -7.3466861e-07 6.9453926e-07 -6.9453926e-07 -7.3466861e-07
13.873794 -5.0465354e-06 -4.0069639e-08 -7.3409575e-07 6.9402611e-07 -6.9402611e-07 -7.3409575e-07
13.878913 -5.0427818e-06 -4.0010011e-08 -7.3352354e-07 6.9351353e-07 -6.9351353e-07 -7.3352354e-07
13.884032 -5.0390324e-06 -3.995046e-08 -7.3295197e-07 6.9300151e-07 -6.9300151e-07 -7.3295197e-07
13.889151 -5.0352885e-06 -3.9891782e-08 -7.3238208e-07 6.9249029e-07 -6.9249029e-07 -7.3238208e-07
13.89427 -5.0315495e-06 -3.9833676e-08 -7.3181347e-07 6.9197979e-07 -6.9197979e-07 -7.3181347e-07
13.899389 -5.0278146e-06 -3.9775645e-08 -7.312455e-07 6.9146985e-07 -6.9146985e-07 -7.312455e-07
13.904509 -5.0240838e-06 -3.9717689e-08 -7.3067816e-07 6.9096047e-07 -6.9096047e-07 -7.3067816e-07
13.909628 -5.0203572e-06 -3.9659807e-08 -7.3011147e-07 6.9045166e-07 -6.9045166e-07 -7.3011147e-07
13.914747 -5.0166347e-06 -3.9602e-08 -7.2954541e-07 6.8994341e-07 -6.8994341e-07 -7.2954541e-07
13.919866 -5.0129164e-06 -3.9544266e-08 -7.2897998e-07 6.8943572e-07 -6.8943572e-07 -7.2897998e-07
13.924985 -5.0092021e-06 -3.9486607e-08 -7.2841519e-07 6.8892858e-07 -6.8892858e-07 -7.2841519e-07
13.930104 -5.0054919e-06 -3.9429022e-08 -7.2785103e-07 6.8842201e-07 -6.8842201e-07 -7.2785103e-07
13.935223 -5.0017859e-06 -3.9371511e-08 -7.2728751e-07 6.87916e-07 -6.87916e-07 -7.2728751e-07
13.940342 -4.998084e-06 -3.9314127e-08 -7.2672469e-07 6.8741056e-07 -6.8741056e-07 -7.2672469e-07
13.945461 -4.9943862e-06 -3.9256825e-08 -7.261625e-07 6.8690568e-07 -6.8690568e-07 -7.261625e-07
13.950581 -4.9906925e-06 -3.9199596e-08 -7.2560095e-07 6.8640136e-07 -6.8640136e-07 -7.2560095e-07
13.9557 -4.9870029e-06 -3.9142441e-08 -7.2504003e-07 6.8589759e-07 -6.8589759e-07 -7.2504003e-07
13.960819 -4.9833173e-06 -3.908536e-08 -7.2447973e-07 6.8539437e-07 -6.8539437e-07 -7.2447973e-07
13.965938 -4.9796358e-06 -3.9028351e-08 -7.2392006e-07 6.8489171e-07 -6.8489171e-07 -7.2392006e-07
13.971057 -4.9759584e-06 -3.8971415e-08 -7.2336102e-07 6.843896e-07 -6.843896e-07 -7.2336102e-07
13.976176 -4.972285e-06 -3.8914553e-08 -7.228026e-07 6.8388805e-07 -6.8388805e-07 -7.228026e-07
13.981295 -4.9686157e-06 -3.8857763e-08 -7.2224481e-07 6.8338704e-07 -6.8338704e-07 -7.2224481e-07
13.986414 -4.9649504e-06 -3.8801046e-08 -7.2168763e-07 6.8288659e-07 -6.8288659e-07 -7.2168763e-07
13.991534 -4.9612891e-06 -3.8744402e-08 -7.2113108e-07 6.8238668e-07 -6.8238668e-07 -7.2113108e-07
13.996653 -4.9576319e-06 -3.868783e-08 -7.2057515e-07 6.8188732e-07 -6.8188732e-07 -7.2057515e-07
14.001772 -4.9539786e-06 -3.8631331e-08 -7.2001984e-07 6.8138851e-07 -6.8138851e-07 -7.2001984e-07
14.006891 -4.9503294e-06 -3.8574903e-08 -7.1946515e-07 6.8089025e-07 -6.8089025e-07 -7.1946515e-07
14.01201 -4.9466842e-06 -3.8518548e-08 -7.1891108e-07 6.8039253e-07 -6.8039253e-07 -7.1891108e-07
14.017129 -4.943043e-06 -3.8462265e-08 -7.1835763e-07 6.7989536e-07 -6.7989536e-07 -7.1835763e-07
14.022248 -4.9394059e-06 -3.8406054e-08 -7.1780479e-07 6.7939873e-07 -6.7939873e-07 -7.1780479e-07
14.027367 -4.9357726e-06 -3.8349915e-08 -7.1725257e-07 6.7890265e-07 -6.7890265e-07 -7.1725257e-07
14.032486 -4.9321434e-06 -3.8293847e-08 -7.1670096e-07 6.7840711e-07 -6.7840711e-07 -7.1670096e-07
14.037606 -4.9285182e-06 -3.8237851e-08 -7.1614996e-07 6.7791211e-07 -6.7791211e-07 -7.1614996e-07
14.042725 -4.9248969e-06 -3.8181926e-08 -7.1559956e-07 6.7741763e-07 -6.7741763e-07 -7.1559956e-07
14.047844 -4.9212796e-06 -3.8126073e-08 -7.1504977e-07 6.769237e-07 -6.769237e-07 -7.1504977e-07
14.052963 -4.9176662e-06 -3.8070291e-08 -7.145006e-07 6.7643031e-07 -6.7643031e-07 -7.145006e-07
14.058082 -4.9140568e-06 -3.8014579e-08 -7.1395203e-07 6.7593745e-07 -6.7593745e-07 -7.1395203e-07
14.063201 -4.9104513e-06 -3.7958939e-08 -7.1340407e-07 6.7544513e-07 -6.7544513e-07 -7.1340407e-07
14.06832 -4.9068498e-06 -3.790337e-08 -7.1285673e-07 6.7495336e-07 -6.7495336e-07 -7.1285673e-07
14.073439 -4.9032522e-06 -3.7847872e-08 -7.1230998e-07 6.7446211e-07 -6.7446211e-07 -7.1230998e-07
14.078559 -4.8996586e-06 -3.7792444e-08 -7.1176385e-07 6.7397141e-07 -6.7397141e-07 -7.1176385e-07
14.083678 -4.8960689e-06 -3.7737087e-08 -7.1121832e-07 6.7348124e-07 -6.7348124e-07 -7.1121832e-07
14.088797 -4.8924836e-06 -3.7682126e-08 -7.1067382e-07 6.7299169e-07 -6.7299169e-07 -7.1067382e-07
14.093916 -4.8889027e-06 -3.7627506e-08 -7.1013027e-07 6.7250277e-07 -6.7250277e-07 -7.1013027e-07
14.099035 -4.8853257e-06 -3.7572956e-08 -7.0958733e-07 6.7201437e-07 -6.7201437e-07 -7.0958733e-07
14.104154 -4.8817526e-06 -3.7518474e-08 -7.0904498e-07 6.7152651e-07 -6.7152651e-07 -7.0904498e-07
14.109273 -4.8781834e-06 -3.7464062e-08 -7.0850324e-07 6.7103917e-07 -6.7103917e-07 -7.0850324e-07
14.114392 -4.8746181e-06 -3.7409719e-08 -7.0796209e-07 6.7055237e-07 -6.7055237e-07 -7.0796209e-07
14.119512 -4.8710566e-06 -3.7355445e-08 -7.0742154e-07 6.700661e-07 -6.700661e-07 -7.0742154e-07
14.124631 -4.8674991e-06 -3.730124e-08 -7.0688159e-07 6.6958036e-07 -6.6958036e-07 -7.0688159e-07
14.12975 -4.8639454e-06 -3.7247103e-08 -7.0634224e-07 6.6909514e-07 -6.6909514e-07 -7.0634224e-07
14.134869 -4.8603956e-06 -3.7193035e-08 -7.0580348e-07 6.6861045e-07 -6.6861045e-07 -7.0580348e-07
14.139988 -4.8568505e-06 -3.7139573e-08 -7.0526602e-07 6.6812645e-07 -6.6812645e-07 -7.0526602e-07
14.145107 -4.8533096e-06 -3.7086331e-08 -7.0472935e-07 6.6764302e-07 -6.6764302e-07 -7.0472935e-07
14.150226 -4.8497724e-06 -3.7033156e-08 -7.0419328e-07 6.6716012e-07 -6.6716012e-07 -7.0419328e-07
14.155345 -4.8462392e-06 -3.6980048e-08 -7.0365779e-07 6.6667774e-07 -6.6667774e-07 -7.0365779e-07
14.160464 -4.8427097e-06 -3.6927008e-08 -7.0312289e-07 6.6619588e-07 -6.6619588e-07 -7.0312289e-07
14.165584 -4.8391841e-06 -3.6874034e-08 -7.0258858e-07 6.6571455e-07 -6.6571455e-07 -7.0258858e-07
14.170703 -4.8356624e-06 -3.6821128e-08 -7.0205487e-07 6.6523374e-07 -6.6523374e-07 -7.0205487e-07
14.175822 -4.8321444e-06 -3.6768288e-08 -7.0152173e-07 6.6475345e-07 -6.6475345e-07 -7.0152173e-07
14.180941 -4.8286303e-06 -3.6715515e-08 -7.0098919e-07 6.6427367e-07 -6.6427367e-07 -7.0098919e-07
14.18606 -4.82512e-06 -3.6662808e-08 -7.0045723e-07 6.6379442e-07 -6.6379442e-07 -7.0045723e-07
14.191179 -4.8216135e-06 -3.6610168e-08 -6.9992584e-07 6.6331567e-07 -6.6331567e-07 -6.9992584e-07
14.196298 -4.8181107e-06 -3.6557595e-08 -6.9939503e-07 6.6283744e-07 -6.6283744e-07 -6.9939503e-07
14.201417 -4.8146118e-06 -3.6505087e-08 -6.9886481e-07 6.6235972e-07 -6.6235972e-07 -6.9886481e-07
14.206537 -4.8111166e-06 -3.6452646e-08 -6.9833517e-07 6.6188252e-07 -6.6188252e-07 -6.9833517e-07
14.211656 -4.8076253e-06 -3.6400272e-08 -6.9780611e-07 6.6140584e-07 -6.6140584e-07 -6.9780611e-07
14.216775 -4.8041377e-06 -3.6347963e-08 -6.9727763e-07 6.6092967e-07 -6.6092967e-07 -6.9727763e-07
14.221894 -4.8006539e-06 -3.6295719e-08 -6.9674973e-07 6.6045402e-07 -6.6045402e-07 -6.9674973e-07
14.227013 -4.7971739e-06 -3.6243542e-08 -6.9622242e-07 6.5997887e-07 -6.5997887e-07 -6.9622242e-07
14.232132 -4.7936976e-06 -3.619143e-08 -6.9569568e-07 6.5950424e-07 -6.5950424e-07 -6.9569568e-07
14.237251 -4.7902251e-06 -3.6139384e-08 -6.9516951e-07 6.5903013e-07 -6.5903013e-07 -6.9516951e-07
14.24237 -4.7867563e-06 -3.6087403e-08 -6.9464392e-07 6.5855652e-07 -6.5855652e-07 -6.9464392e-07
14.247489 -4.7832913e-06 -3.6035488e-08 -6.9411891e-07 6.5808343e-07 -6.5808343e-07 -6.9411891e-07
14.252609 -4.77983e-06 -3.5983637e-08 -6.9359448e-07 6.5761084e-07 -6.5761084e-07 -6.9359448e-07
14.257728 -4.7763725e-06 -3.5931852e-08 -6.9307062e-07 6.5713876e-07 -6.5713876e-07 -6.9307062e-07
14.262847 -4.7729187e-06 -3.5880132e-08 -6.9254733e-07 6.5666719e-07 -6.5666719e-07 -6.9254733e-07
14.267966 -4.7694686e-06 -3.5828477e-08 -6.9202461e-07 6.5619613e-07 -6.5619613e-07 -6.9202461e-07
14.273085 -4.7660222e-06 -3.5776887e-08 -6.9150246e-07 6.5572558e-07 -6.5572558e-07 -6.9150246e-07
14.278204 -4.7625796e-06 -3.5725361e-08 -6.9098089e-07 6.5525553e-07 -6.5525553e-07 -6.9098089e-07
14.283323 -4.7591407e-06 -3.5673901e-08 -6.9045989e-07 6.5478599e-07 -6.5478599e-07 -6.9045989e-07
14.288442 -4.7557054e-06 -3.5622505e-08 -6.8993945e-07 6.5431695e-07 -6.5431695e-07 -6.8993945e-07
14.293562 -4.7522739e-06 -3.5571173e-08 -6.8941958e-07 6.5384841e-07 -6.5384841e-07 -6.8941958e-07
14.298681 -4.7488461e-06 -3.5519906e-08 -6.8890029e-07 6.5338038e-07 -6.5338038e-07 -6.8890029e-07
14.3038 -4.7454219e-06 -3.5468703e-08 -6.8838155e-07 6.5291285e-07 -6.5291285e-07 -6.8838155e-07
14.308919 -4.7420015e-06 -3.5417564e-08 -6.8786339e-07 6.5244582e-07 -6.5244582e-07 -6.8786339e-07
14.314038 -4.7385847e-06 -3.536649e-08 -6.8734578e-07 6.519793e-07 -6.519793e-07 -6.8734578e-07
14.319157 -4.7351716e-06 -3.5315479e-08 -6.8682875e-07 6.5151327e-07 -6.5151327e-07 -6.8682875e-07
14.324276 -4.7317621e-06 -3.5264532e-08 -6.8631227e-07 6.5104774e-07 -6.5104774e-07 -6.8631227e-07
14.329395 -4.7283564e-06 -3.5213649e-08 -6.8579636e-07 6.5058271e-07 -6.5058271e-07 -6.8579636e-07
14.334515 -4.7249542e-06 -3.516283e-08 -6.8528101e-07 6.5011818e-07 -6.5011818e-07 -6.8528101e-07
14.339634 -4.7215565e-06 -3.5112811e-08 -6.8476696e-07 6.4965415e-07 -6.4965415e-07 -6.8476696e-07
14.344753 -4.7181627e-06 -3.5063157e-08 -6.8425378e-07 6.4919062e-07 -6.4919062e-07 -6.8425378e-07
14.349872 -4.7147726e-06 -3.5013564e-08 -6.8374115e-07 6.4872758e-07 -6.4872758e-07 -6.8374115e-07
14.354991 -4.7113861e-06 -3.4964033e-08 -6.8322908e-07 6.4826504e-07 -6.4826504e-07 -6.8322908e-07
14.36011 -4.7080032e-06 -3.4914564e-08 -6.8271756e-07 6.47803e-07 -6.47803e-07 -6.8271756e-07
14.365229 -4.704624e-06 -3.4865157e-08 -6.822066e-07 6.4734144e-07 -6.4734144e-07 -6.822066e-07
14.370348 -4.7012483e-06 -3.4815811e-08 -6.8169619e-07 6.4688038e-07 -6.4688038e-07 -6.8169619e-07
14.375467 -4.6978763e-06 -3.4766527e-08 -6.8118634e-07 6.4641982e-07 -6.4641982e-07 -6.8118634e-07
14.380587 -4.6945079e-06 -3.4717303e-08 -6.8067704e-07 6.4595974e-07 -6.4595974e-07 -6.8067704e-07
14.385706 -4.6911431e-06 -3.4668142e-08 -6.801683e-07 6.4550016e-07 -6.4550016e-07 -6.801683e-07
14.390825 -4.687782e-06 -3.4619154e-08 -6.7966019e-07 6.4504104e-07 -6.4504104e-07 -6.7966019e-07
14.395944 -4.6844244e-06 -3.4570234e-08 -6.7915264e-07 6.445824e-07 -6.445824e-07 -6.7915264e-07
14.401063 -4.6810705e-06 -3.4521374e-08 -6.7864563e-07 6.4412426e-07 -6.4412426e-07 -6.7864563e-07
14.406182 -4.6777201e-06 -3.4472576e-08 -6.7813918e-07 6.4366661e-07 -6.4366661e-07 -6.7813918e-07
14.411301 -4.6743733e-06 -3.4423838e-08 -6.7763328e-07 6.4320944e-07 -6.4320944e-07 -6.7763328e-07
14.41642 -4.6710301e-06 -3.437516e-08 -6.7712792e-07 6.4275276e-07 -6.4275276e-07 -6.7712792e-07
14.42154 -4.6676904e-06 -3.4326543e-08 -6.7662311e-07 6.4229657e-07 -6.4229657e-07 -6.7662311e-07
14.426659 -4.6643543e-06 -3.4277986e-08 -6.7611884e-07 6.4184086e-07 -6.4184086e-07 -6.7611884e-07
14.431778 -4.6610218e-06 -3.422949e-08 -6.7561512e-07 6.4138563e-07 -6.4138563e-07 -6.7561512e-07
14.436897 -4.6576928e-06 -3.4181054e-08 -6.7511195e-07 6.409309e-07 -6.409309e-07 -6.7511195e-07
14.442016 -4.6543674e-06 -3.4132677e-08 -6.7460933e-07 6.4047666e-07 -6.4047666e-07 -6.7460933e-07
14.447135 -4.6510456e-06 -3.4084361e-08 -6.7410726e-07 6.400229e-07 -6.400229e-07 -6.7410726e-07
14.452254 -4.6477273e-06 -3.4036105e-08 -6.7360573e-07 6.3956963e-07 -6.3956963e-07 -6.7360573e-07
14.457373 -4.6444125e-06 -3.3987908e-08 -6.7310474e-07 6.3911683e-07 -6.3911683e-07 -6.7310474e-07
14.462492 -4.6411012e-06 -3.3939771e-08 -6.7260429e-07 6.3866452e-07 -6.3866452e-07 -6.7260429e-07
14.467612 -4.6377935e-06 -3.3891694e-08 -6.7210438e-07 6.3821269e-07 -6.3821269e-07 -6.7210438e-07
14.472731 -4.6344893e-06 -3.3843676e-08 -6.7160501e-07 6.3776133e-07 -6.3776133e-07 -6.7160501e-07
14.47785 -4.6311885e-06 -3.3795718e-08 -6.7110618e-07 6.3731046e-07 -6.3731046e-07 -6.7110618e-07
14.482969 -4.6278914e-06 -3.3747819e-08 -6.7060788e-07 6.3686006e-07 -6.3686006e-07 -6.7060788e-07
14.488088 -4.6245977e-06 -3.3699979e-08 -6.7011012e-07 6.3641014e-07 -6.3641014e-07 -6.7011012e-07
14.493207 -4.6213075e-06 -3.3652198e-08 -6.696129e-07 6.359607e-07 -6.359607e-07 -6.696129e-07
14.498326 -4.6180208e-06 -3.3604477e-08 -6.6911621e-07 6.3551173e-07 -6.3551173e-07 -6.6911621e-07
14.503445 -4.6147375e-06 -3.3556814e-08 -6.6862005e-07 6.3506324e-07 -6.3506324e-07 -6.6862005e-07
14.508565 -4.6114578e-06 -3.350921e-08 -6.6812443e-07 6.3461522e-07 -6.3461522e-07 -6.6812443e-07
14.513684 -4.6081816e-06 -3.3461666e-08 -6.6762935e-07 6.3416768e-07 -6.3416768e-07 -6.6762935e-07
14.518803 -4.6049088e-06 -3.3414179e-08 -6.6713479e-07 6.3372061e-07 -6.3372061e-07 -6.6713479e-07
14.523922 -4.6016395e-06 -3.3366752e-08 -6.6664076e-07 6.3327401e-07 -6.3327401e-07 -6.6664076e-07
14.529041 -4.5983736e-06 -3.3319383e-08 -6.6614727e-07 6.3282789e-07 -6.3282789e-07 -6.6614727e-07
14.53416 -4.5951112e-06 -3.3272072e-08 -6.6565431e-07 6.3238223e-07 -6.3238223e-07 -6.6565431e-07
14.539279 -4.5918525e-06 -3.3225003e-08 -6.6516205e-07 6.3193705e-07 -6.3193705e-07 -6.6516205e-07
14.544398 -4.5885973e-06 -3.3178095e-08 -6.6467043e-07 6.3149234e-07 -6.3149234e-07 -6.6467043e-07
14.549518 -4.5853455e-06 -3.3131245e-08 -6.6417934e-07 6.3104809e-07 -6.3104809e-07 -6.6417934e-07
14.554637 -4.5820972e-06 -3.3084452e-08 -6.6368877e-07 6.3060432e-07 -6.3060432e-07 -6.6368877e-07
14.559756 -4.5788523e-06 -3.3037717e-08 -6.6319873e-07 6.3016101e-07 -6.3016101e-07 -6.6319873e-07
14.564875 -4.5756108e-06 -3.2991039e-08 -6.6270921e-07 6.2971817e-07 -6.2971817e-07 -6.6270921e-07
14.569994 -4.5723728e-06 -3.2944419e-08 -6.6222022e-07 6.292758e-07 -6.292758e-07 -6.6222022e-07
14.575113 -4.5691382e-06 -3.2897856e-08 -6.6173175e-07 6.2883389e-07 -6.2883389e-07 -6.6173175e-07
14.580232 -4.565907e-06 -3.285135e-08 -6.612438e-07 6.2839245e-07 -6.2839245e-07 -6.612438e-07
14.585351 -4.5626792e-06 -3.2804902e-08 -6.6075637e-07 6.2795147e-07 -6.2795147e-07 -6.6075637e-07
14.59047 -4.5594555e-06 -3.2759224e-08 -6.6027019e-07 6.2751096e-07 -6.2751096e-07 -6.6027019e-07
14.59559 -4.5562354e-06 -3.2713705e-08 -6.5978462e-07 6.2707091e-07 -6.2707091e-07 -6.5978462e-07
14.600709 -4.5530186e-06 -3.2668242e-08 -6.5929957e-07 6.2663133e-07 -6.2663133e-07 -6.5929957e-07
14.605828 -4.5498052e-06 -3.2622834e-08 -6.5881504e-07 6.2619221e-07 -6.2619221e-07 -6.5881504e-07
14.610947 -4.5465952e-06 -3.2577483e-08 -6.5833103e-07 6.2575355e-07 -6.2575355e-07 -6.5833103e-07
14.616066 -4.5433886e-06 -3.2532187e-08 -6.5784753e-07 6.2531535e-07 -6.2531535e-07 -6.5784753e-07
14.621185 -4.5401854e-06 -3.2486946e-08 -6.5736455e-07 6.2487761e-07 -6.2487761e-07 -6.5736455e-07
14.626304 -4.5369855e-06 -3.244176e-08 -6.5688209e-07 6.2444033e-07 -6.2444033e-07 -6.5688209e-07
14.631423 -4.533789e-06 -3.239663e-08 -6.5640013e-07 6.240035e-07 -6.240035e-07 -6.5640013e-07
14.636543 -4.5305959e-06 -3.2351555e-08 -6.5591869e-07 6.2356714e-07 -6.2356714e-07 -6.5591869e-07
14.641662 -4.5274061e-06 -3.2306535e-08 -6.5543775e-07 6.2313122e-07 -6.2313122e-07 -6.5543775e-07
14.646781 -4.5242196e-06 -3.226157e-08 -6.5495732e-07 6.2269575e-07 -6.2269575e-07 -6.5495732e-07
14.6519 -4.5210365e-06 -3.2216661e-08 -6.5447741e-07 6.2226075e-07 -6.2226075e-07 -6.5447741e-07
14.657019 -4.5178567e-06 -3.2171806e-08 -6.53998e-07 6.2182619e-07 -6.2182619e-07 -6.53998e-07
14.662138 -4.5146803e-06 -3.2127005e-08 -6.535191e-07 6.213921e-07 -6.213921e-07 -6.535191e-07
14.667257 -4.5115072e-06 -3.208226e-08 -6.5304071e-07 6.2095845e-07 -6.2095845e-07 -6.5304071e-07
14.672376 -4.5083374e-06 -3.2037569e-08 -6.5256283e-07 6.2052526e-07 -6.2052526e-07 -6.5256283e-07
14.677495 -4.5051709e-06 -3.1992932e-08 -6.5208546e-07 6.2009253e-07 -6.2009253e-07 -6.5208546e-07
14.682615 -4.5020078e-06 -3.194835e-08 -6.5160859e-07 6.1966024e-07 -6.1966024e-07 -6.5160859e-07
14.687734 -4.498848e-06 -3.1903823e-08 -6.5113224e-07 6.1922842e-07 -6.1922842e-07 -6.5113224e-07
14.692853 -4.4956915e-06 -3.1859349e-08 -6.506564e-07 6.1879705e-07 -6.1879705e-07 -6.506564e-07
14.697972 -4.4925383e-06 -3.181493e-08 -6.5018107e-07 6.1836614e-07 -6.1836614e-07 -6.5018107e-07
14.703091 -4.4893885e-06 -3.1770565e-08 -6.4970624e-07 6.1793568e-07 -6.1793568e-07 -6.4970624e-07
14.70821 -4.4862419e-06 -3.1726254e-08 -6.4923192e-07 6.1750566e-07 -6.1750566e-07 -6.4923192e-07
14.713329 -4.4830986e-06 -3.1681997e-08 -6.4875809e-07 6.1707609e-07 -6.1707609e-07 -6.4875809e-07
14.718448 -4.4799586e-06 -3.1637794e-08 -6.4828477e-07 6.1664698e-07 -6.1664698e-07 -6.4828477e-07
14.723568 -4.4768219e-06 -3.1593645e-08 -6.4781195e-07 6.1621831e-07 -6.1621831e-07 -6.4781195e-07
14.728687 -4.4736885e-06 -3.154955e-08 -6.4733963e-07 6.1579008e-07 -6.1579008e-07 -6.4733963e-07
14.733806 -4.4705583e-06 -3.1505508e-08 -6.4686781e-07 6.1536231e-07 -6.1536231e-07 -6.4686781e-07
14.738925 -4.4674314e-06 -3.1461519e-08 -6.4639648e-07 6.1493497e-07 -6.1493497e-07 -6.4639648e-07
14.744044 -4.4643077e-06 -3.1417585e-08 -6.4592565e-07 6.1450806e-07 -6.1450806e-07 -6.4592565e-07
14.749163 -4.4611873e-06 -3.1373704e-08 -6.4545531e-07 6.1408161e-07 -6.1408161e-07 -6.4545531e-07
14.754282 -4.4580702e-06 -3.1329876e-08 -6.4498547e-07 6.1365559e-07 -6.1365559e-07 -6.4498547e-07
14.759401 -4.4549563e-06 -3.1286101e-08 -6.4451612e-07 6.1323002e-07 -6.1323002e-07 -6.4451612e-07
14.764521 -4.4518456e-06 -3.124238e-08 -6.4404727e-07 6.1280489e-07 -6.1280489e-07 -6.4404727e-07
14.76964 -4.4487382e-06 -3.1198711e-08 -6.4357892e-07 6.1238021e-07 -6.1238021e-07 -6.4357892e-07
14.774759 -4.445634e-06 -3.1155096e-08 -6.4311106e-07 6.1195596e-07 -6.1195596e-07 -6.4311106e-07
14.779878 -4.4425331e-06 -3.1111533e-08 -6.4264369e-07 6.1153216e-07 -6.1153216e-07 -6.4264369e-07
14.784997 -4.4394354e-06 -3.1068024e-08 -6.4217682e-07 6.1110879e-07 -6.1110879e-07 -6.4217682e-07
14.790116 -4.4363416e-06 -3.1025e-08 -6.4171102e-07 6.1068602e-07 -6.1068602e-07 -6.4171102e-07
14.795235 -4.4332513e-06 -3.0982134e-08 -6.4124586e-07 6.1026373e-07 -6.1026373e-07 -6.4124586e-07
14.800354 -4.4301641e-06 -3.0939319e-08 -6.4078119e-07 6.0984187e-07 -6.0984187e-07 -6.4078119e-07
14.805473 -4.4270802e-06 -3.0896556e-08 -6.4031701e-07 6.0942045e-07 -6.0942045e-07 -6.4031701e-07
14.810593 -4.4239995e-06 -3.0853845e-08 -6.3985332e-07 6.0899947e-07 -6.0899947e-07 -6.3985332e-07
14.815712 -4.420922e-06 -3.0811186e-08 -6.3939011e-07 6.0857893e-07 -6.0857893e-07 -6.3939011e-07
14.820831 -4.4178476e-06 -3.0768578e-08 -6.389274e-07 6.0815882e-07 -6.0815882e-07 -6.389274e-07
14.82595 -4.4147765e-06 -3.0726022e-08 -6.3846516e-07 6.0773914e-07 -6.0773914e-07 -6.3846516e-07
14.831069 -4.4117086e-06 -3.0683517e-08 -6.3800342e-07 6.073199e-07 -6.073199e-07 -6.3800342e-07
14.836188 -4.4086438e-06 -3.064108e-08 -6.3754218e-07 6.069011e-07 -6.069011e-07 -6.3754218e-07
14.841307 -4.405583e-06 -3.059913e-08 -6.3708203e-07 6.064829e-07 -6.064829e-07 -6.3708203e-07
14.846426 -4.4025254e-06 -3.0557231e-08 -6.3662236e-07 6.0606513e-07 -6.0606513e-07 -6.3662236e-07
14.851546 -4.399471e-06 -3.0515382e-08 -6.3616317e-07 6.0564779e-07 -6.0564779e-07 -6.3616317e-07
14.856665 -4.3964197e-06 -3.0473583e-08 -6.3570447e-07 6.0523088e-07 -6.0523088e-07 -6.3570447e-07
14.861784 -4.3933715e-06 -3.0431835e-08 -6.3524624e-07 6.0481441e-07 -6.0481441e-07 -6.3524624e-07
14.866903 -4.3903266e-06 -3.0390137e-08 -6.347885e-07 6.0439836e-07 -6.0439836e-07 -6.347885e-07
14.872022 -4.3872847e-06 -3.0348489e-08 -6.3433123e-07 6.0398274e-07 -6.0398274e-07 -6.3433123e-07
14.877141 -4.3842461e-06 -3.0306891e-08 -6.3387445e-07 6.0356755e-07 -6.0356755e-07 -6.3387445e-07
14.88226 -4.3812105e-06 -3.0265344e-08 -6.3341814e-07 6.0315279e-07 -6.0315279e-07 -6.3341814e-07
14.887379 -4.3781781e-06 -3.0223846e-08 -6.329623e-07 6.0273846e-07 -6.0273846e-07 -6.329623e-07
14.892498 -4.3751488e-06 -3.0182398e-08 -6.3250694e-07 6.0232454e-07 -6.0232454e-07 -6.3250694e-07
14.897618 -4.3721226e-06 -3.0141e-08 -6.3205204e-07 6.0191104e-07 -6.0191104e-07 -6.3205204e-07
14.902737 -4.3690996e-06 -3.0099652e-08 -6.3159763e-07 6.0149797e-07 -6.0149797e-07 -6.3159763e-07
14.907856 -4.3660797e-06 -3.0058354e-08 -6.3114369e-07 6.0108533e-07 -6.0108533e-07 -6.3114369e-07
14.912975 -4.3630629e-06 -3.0017105e-08 -6.3069022e-07 6.0067311e-07 -6.0067311e-07 -6.3069022e-07
14.918094 -4.3600492e-06 -2.9975905e-08 -6.3023723e-07 6.0026132e-07 -6.0026132e-07 -6.3023723e-07
14.923213 -4.3570386e-06 -2.9934755e-08 -6.297847e-07 5.9984995e-07 -5.9984995e-07 -6.297847e-07
14.928332 -4.3540311e-06 -2.9893655e-08 -6.2933266e-07 5.99439e-07 -5.99439e-07 -6.2933266e-07
14.933451 -4.3510267e-06 -2.9852604e-08 -6.2888108e-07 5.9902848e-07 -5.9902848e-07 -6.2888108e-07
14.938571 -4.3480254e-06 -2.9811602e-08 -6.2842998e-07 5.9861837e-07 -5.9861837e-07 -6.2842998e-07
14.94369 -4.3450272e-06 -2.9770649e-08 -6.2797934e-07 5.9820869e-07 -5.9820869e-07 -6.2797934e-07
14.948809 -4.3420321e-06 -2.9729745e-08 -6.2752918e-07 5.9779943e-07 -5.9779943e-07 -6.2752918e-07
14.953928 -4.3390401e-06 -2.968889e-08 -6.2707948e-07 5.9739059e-07 -5.9739059e-07 -6.2707948e-07
14.959047 -4.3360512e-06 -2.9648085e-08 -6.2663025e-07 5.9698217e-07 -5.9698217e-07 -6.2663025e-07
14.964166 -4.3330653e-06 -2.9607328e-08 -6.2618149e-07 5.9657417e-07 -5.9657417e-07 -6.2618149e-07
14.969285 -4.3300825e-06 -2.956662e-08 -6.257332e-07 5.9616658e-07 -5.9616658e-07 -6.257332e-07
14.974404 -4.3271027e-06 -2.952596e-08 -6.2528537e-07 5.9575941e-07 -5.9575941e-07 -6.2528537e-07
14.979524 -4.324126e-06 -2.948535e-08 -6.2483801e-07 5.9535267e-07 -5.9535267e-07 -6.2483801e-07
14.984643 -4.3211524e-06 -2.9444788e-08 -6.2439112e-07 5.9494633e-07 -5.9494633e-07 -6.2439112e-07
14.989762 -4.3181818e-06 -2.9404274e-08 -6.2394469e-07 5.9454042e-07 -5.9454042e-07 -6.2394469e-07
14.994881 -4.3152143e-06 -2.9363808e-08 -6.2349872e-07 5.9413492e-07 -5.9413492e-07 -6.2349872e-07
15.0 -4.3122498e-06 -2.9323392e-08 -6.2305322e-07 5.9372983e-07 -5.9372983e-07 -6.2305322e-07
